,home_ATS
2852,-2.5
2325,11.0
8338,-7.5
9236,-10.5
10388,6.0
6852,20.5
7853,-17.0
5347,21.0
10282,6.5
3967,19.5
4608,-9.0
6529,-5.0
224,-1.5
1000,-11.5
519,1.0
3303,2.0
2264,4.0
5202,17.0
10451,-5.5
7939,24.5
9684,-21.0
2245,13.0
9771,-6.5
5046,-20.0
6099,-9.5
7336,-20.5
4878,-7.0
2155,-24.0
3288,-3.5
19,6.0
2891,9.0
9553,-1.0
2630,6.5
4304,-19.5
1556,25.0
902,7.0
877,25.0
3325,-36.5
4341,9.5
8485,-4.5
4674,-13.0
3475,-15.5
4952,8.0
1980,9.0
6004,-23.5
5060,0.0
7081,-18.0
2055,-2.5
3784,19.5
2249,18.5
6331,3.5
1568,25.0
1411,9.0
461,-13.0
151,-8.0
2374,-15.5
1845,3.5
2511,-11.5
3269,-19.0
6117,17.0
9482,3.5
4748,3.0
2045,12.0
6869,3.5
9195,-6.5
4606,-9.5
617,-3.0
5794,-12.0
5940,0.0
2523,-16.0
5753,14.5
9281,4.0
6420,8.0
8269,-3.0
5012,-7.5
4705,3.5
2450,7.5
1625,-1.0
7478,-5.5
8927,-1.0
150,19.0
4011,-6.5
4685,-8.5
9102,-19.5
8828,0.0
7891,-16.0
3178,-8.0
2698,-12.0
3336,20.0
5614,7.0
10248,-18.0
5566,35.0
8767,-9.5
4932,-6.0
5699,-9.0
9890,-5.0
687,-11.5
6671,13.0
1991,-20.5
3787,0.5
10099,2.5
450,7.0
7949,-13.0
6934,-18.5
607,13.5
422,-4.0
2401,0.5
8587,0.0
3463,-10.0
3125,8.0
10027,-24.5
10295,5.5
9630,0.5
2176,-1.5
6765,-13.5
10635,2.5
6483,2.0
4609,24.5
62,15.0
5207,-16.5
9271,3.5
5157,-5.0
4767,-10.5
9221,-0.5
8315,9.0
5808,2.5
8216,-6.5
8591,-17.5
8979,14.5
1062,23.0
3628,-17.0
10200,28.0
6556,8.0
5040,8.5
2975,2.0
2876,-37.5
96,-36.0
5595,18.0
7585,-17.5
1165,-9.0
4418,0.0
4043,6.0
6892,7.0
1672,39.5
8940,-18.0
5250,8.5
5584,8.5
9955,0.5
9520,-3.0
2610,-13.0
3727,8.5
6173,7.0
1284,5.5
2887,-7.0
7539,-52.0
8402,11.0
7420,3.0
2146,-8.0
4372,-4.0
6868,-9.0
2786,6.0
9964,4.0
7663,-9.0
3821,16.0
5421,-6.0
3759,8.0
3001,-7.5
7453,7.5
47,9.0
1633,1.0
6396,6.5
7365,8.5
3720,-3.5
3939,14.0
8843,-12.0
5206,-12.0
8177,0.0
2551,-3.0
3994,0.5
7440,28.5
6155,17.5
777,-10.0
8644,-13.5
2591,29.0
1376,29.0
9127,0.5
7171,-30.0
9800,16.5
4736,7.5
524,-15.0
5678,10.0
1148,6.5
4986,-15.0
79,-14.0
755,11.5
72,-12.0
3224,-8.5
8704,3.5
9540,20.0
8453,15.5
4725,-2.0
0,12.0
1537,1.0
4250,33.5
8773,-3.0
9087,18.0
1198,11.5
5616,-15.5
7319,16.5
2814,-7.0
690,-27.0
3318,8.0
8549,19.5
7567,2.5
2976,13.0
5745,-8.0
9946,-9.5
3136,1.0
7632,-28.0
8852,-0.5
1890,-11.0
7206,12.0
5471,-37.5
8856,-8.0
4425,-27.0
8917,-19.0
2977,12.0
4681,6.5
874,-10.0
9866,-7.0
1631,0.5
9070,11.5
6217,1.0
5154,7.0
8684,-1.0
6720,-21.0
7285,11.5
5124,-25.0
4281,-4.0
2043,-9.5
4670,-15.5
9426,-1.0
3365,-7.0
3615,5.5
7143,2.0
4630,-5.0
7253,7.0
6916,-26.0
5028,8.0
3335,-9.0
1759,4.5
2084,-8.0
6318,-3.0
2536,-8.0
4334,-2.0
7458,9.0
5002,-5.5
8525,-31.0
2691,14.5
8406,11.0
4970,6.0
9859,-5.0
10509,-27.0
9500,5.5
2599,0.0
5147,21.5
8713,1.5
10231,2.5
9330,8.5
632,1.5
10422,-13.0
9223,-18.0
5225,-2.5
2881,-1.0
1614,15.0
4904,0.0
6576,28.0
9247,-23.0
1385,-17.5
4999,9.5
1314,6.0
2965,-8.5
9179,0.5
5337,-13.5
10364,-10.5
7326,-23.0
7828,3.0
8079,-3.0
1347,6.0
1410,8.0
652,-25.0
2505,15.0
6104,-6.0
680,13.0
3299,27.0
10641,-19.0
10136,-10.0
3827,15.5
218,-1.0
6032,25.0
948,-10.5
10315,2.0
158,3.0
8471,20.5
4413,9.0
941,1.0
1178,5.5
1551,0.5
5023,4.0
8781,9.5
1024,18.0
8943,-12.0
2237,23.0
4757,13.5
6666,0.0
2709,5.0
7548,-9.5
6450,5.0
3932,-3.5
8965,-11.0
7930,-19.0
50,1.0
7866,-8.0
6476,-17.0
5656,-10.5
5729,-6.0
9483,1.5
8717,-5.0
8827,4.5
986,22.5
7824,-20.5
82,-6.0
3614,12.5
7953,11.5
1154,13.5
8911,-6.5
4961,4.5
10359,-8.5
8171,-2.5
2276,13.5
6637,-13.0
3106,-3.0
6962,-3.5
4008,-1.5
7096,-25.0
4988,1.0
3308,9.5
5795,-2.0
3894,-16.0
6404,-9.0
4854,-8.0
9196,-6.5
459,-8.0
9093,-5.5
1932,-5.0
9088,-4.0
40,3.0
1022,-4.0
1899,-20.5
8887,-1.5
960,9.5
4643,6.0
1555,-14.0
7400,-1.5
5655,-7.0
6311,19.0
4168,26.0
4839,-23.5
6791,-11.5
5192,10.0
7278,-21.5
5675,-4.0
4103,-2.0
549,-3.0
5492,1.0
5993,0.0
5549,2.0
5775,28.0
4691,-2.0
5560,26.5
355,32.0
4362,14.0
9601,-4.5
8190,-14.0
6075,-6.0
739,-5.5
4589,-9.5
7918,0.5
3721,15.0
2652,8.0
1149,30.0
3265,14.0
5300,6.5
10476,-11.5
3597,-10.0
5698,10.0
3319,12.0
4053,-16.0
10650,6.0
8643,17.5
8247,8.5
1892,-24.0
1785,-9.5
2233,19.5
1336,7.0
8018,-8.0
6683,14.5
5045,5.5
7638,34.0
10554,18.0
6477,-26.5
4890,8.0
8519,8.0
9485,2.0
3622,5.0
9456,4.0
4434,2.5
9408,2.5
3133,3.5
9323,38.5
10485,34.0
5482,11.0
8468,0.0
6021,-16.0
2094,24.5
1220,-12.0
7093,-7.0
3796,2.5
6594,20.5
7819,0.0
1923,-7.5
9280,21.0
2968,-0.5
2660,-0.5
2481,-2.0
5860,15.0
1173,-13.0
2848,-3.0
10268,1.5
5052,6.0
4667,-5.0
4989,4.0
801,-13.0
8192,-5.0
1772,-5.0
6590,-31.5
1820,0.5
3942,-7.0
7732,36.0
7691,13.0
967,31.0
199,-3.0
660,7.0
1783,-26.0
4874,-7.5
4690,18.5
1730,-8.0
1513,-13.0
4995,5.0
9806,-2.5
2396,-5.5
3549,-2.5
1864,-5.5
6491,3.0
7925,-10.5
3332,-17.5
1476,26.0
4291,-33.5
8474,-12.0
5856,-4.0
8488,-2.0
8633,-12.5
8036,-14.5
7664,-10.0
1278,-7.0
31,-5.0
5491,4.5
2402,-14.0
3442,8.5
4373,27.0
2572,11.0
8325,3.0
3234,3.0
5415,-5.0
4088,10.0
3908,15.0
6631,-19.0
5862,-2.5
3513,-0.5
9402,-4.0
510,-2.0
865,-9.5
5545,8.5
6088,9.0
5930,0.5
5674,22.0
10189,-13.0
9454,14.0
1816,3.0
5461,-1.5
4141,-4.0
4242,1.0
2362,6.5
4062,8.0
326,4.0
7347,7.5
1133,18.5
1925,-31.0
106,12.0
6639,-5.5
266,22.0
8410,12.5
4893,-9.0
8090,-11.0
10570,4.5
5835,28.0
8423,-1.0
10193,-3.5
9325,-12.0
3886,-14.5
2938,-27.5
7379,14.0
3665,2.5
2643,-1.5
1456,-2.0
3553,-4.0
6620,-12.0
527,-8.0
3585,-19.5
157,13.0
2337,32.5
5369,-16.5
7872,6.5
4220,-3.0
4188,3.5
9071,5.0
5071,6.0
8662,0.5
2983,19.5
7270,-19.0
6302,-1.0
8811,-19.0
507,3.5
6628,9.5
1795,-20.0
9318,6.0
2914,-12.0
1732,-9.5
7344,-3.0
10178,4.5
2243,-8.0
9758,-12.5
6685,-1.0
10503,14.5
4091,6.5
9369,-3.0
5866,4.0
9705,8.0
7493,-5.0
3245,-10.5
8108,-26.0
1193,-5.0
8700,15.5
6963,23.0
248,-24.0
3644,-11.0
745,14.0
7921,-9.0
9356,19.5
8153,0.5
10142,-1.5
10400,-2.0
5967,25.5
6228,3.0
7982,8.5
9888,-10.0
5842,-4.0
605,-4.0
2263,-7.0
9647,3.5
7321,-5.0
9457,-0.5
8455,-4.5
3291,14.0
6317,9.0
4660,9.5
9663,36.0
3189,5.5
4919,11.0
541,-4.0
8279,22.0
1944,17.0
5786,0.0
685,-9.5
1387,-2.5
5771,15.0
4245,-14.0
3421,0.0
4987,7.5
4174,-12.5
8249,0.0
4938,-5.5
449,20.0
4171,9.0
9939,-2.5
5721,-3.0
6820,3.5
8793,-3.0
2658,-1.5
6342,-4.0
491,-12.0
5728,8.0
7923,-8.5
7642,1.0
3512,8.0
4021,20.0
3898,12.0
5798,-24.0
9867,-25.0
6984,-6.0
1999,21.0
10021,18.0
2492,-6.5
6840,26.5
6537,17.0
9919,-12.5
5654,-8.5
5965,-4.0
2502,-1.5
4095,2.5
7689,3.5
1726,3.0
4517,14.5
4145,9.5
4765,26.5
2454,30.0
838,0.0
373,-6.0
7943,-6.0
829,0.5
3788,17.5
6033,21.0
4380,9.0
5448,-5.5
2338,10.0
2048,-25.0
9620,-13.0
6121,20.0
6828,-7.0
1069,23.0
2723,-14.5
4678,5.0
2292,0.5
4323,-28.0
6710,-8.0
10029,-18.5
2389,11.5
7764,-19.5
7108,-2.0
9569,2.5
7060,-2.0
466,-10.0
7167,4.0
4900,-2.5
4466,-9.5
6387,-2.0
9521,17.5
1059,2.0
6598,2.0
9571,-19.5
6776,-11.0
185,10.0
3838,-1.0
6471,-15.5
3238,8.0
9578,-3.5
10229,6.5
8642,25.0
5630,-14.0
5220,0.0
9185,-5.0
9751,21.0
6650,-10.0
4081,-0.5
8304,-6.0
10215,-3.5
5717,18.5
9725,-14.5
2247,10.5
6914,23.0
1779,19.5
9288,19.5
4254,13.0
9557,16.5
3927,-13.5
8359,-1.0
1258,22.0
1168,3.0
1865,-3.0
1413,11.0
10251,-1.0
5671,-12.5
2023,-7.0
7277,4.0
3949,-29.5
879,-8.0
6652,-17.5
3499,6.5
5820,4.5
10211,-12.0
2301,5.5
7551,-24.5
10478,1.0
2328,7.0
6426,-4.5
6114,-10.5
793,-6.0
2356,-4.0
6721,10.0
7083,0.0
1033,-7.0
4252,-12.5
8495,14.5
2027,-8.5
7340,-10.5
51,-10.0
10425,15.0
2191,-12.0
4219,-15.5
4134,-6.5
6108,-11.0
5387,-4.5
4861,1.5
3770,7.5
7877,-4.5
5906,-2.5
3801,-5.0
8834,-4.0
7960,0.0
5888,-4.5
1531,1.0
4809,-23.0
5268,10.5
168,-7.0
7495,5.5
8885,21.0
2006,-4.0
2656,-10.0
10414,10.5
10061,-15.0
4408,-7.0
3266,13.0
1222,14.0
4206,-3.0
2495,15.5
10586,7.0
3237,-10.0
2845,19.5
6936,-10.0
2810,8.5
170,-29.0
6200,3.0
9991,10.0
8736,-13.0
2928,-9.5
8945,8.5
6770,-18.0
1494,-3.5
9145,-1.0
1827,-4.5
7641,-26.0
5790,8.0
2322,23.0
1538,-6.0
6468,28.0
412,19.0
6991,24.0
3394,1.0
6389,-30.0
2321,7.5
808,2.0
3923,-6.5
554,16.0
1025,25.0
5176,16.0
6611,-28.0
7792,5.5
9750,-6.0
5214,8.0
5905,-1.0
904,10.0
703,13.5
7789,10.5
5137,1.5
9094,-16.0
2992,-24.0
1776,8.0
5865,-20.0
145,10.0
3572,6.0
4121,-23.5
2503,-13.5
6034,-11.0
7065,-3.5
7605,1.5
6164,17.0
1309,-12.0
2306,-21.0
6398,-8.0
6743,-8.5
7062,-4.0
2224,-3.0
9480,-0.5
4543,-9.5
3865,-3.5
3980,-12.0
6289,-3.0
6451,-16.0
707,-2.0
3832,-9.0
4482,0.5
2593,27.5
4570,0.0
1244,-12.5
3834,1.5
1290,8.5
10502,13.0
2659,1.0
7712,3.0
4137,-29.0
7160,-0.5
7823,0.5
2941,-4.0
5142,-11.0
3050,-19.5
6573,-31.5
2317,-30.0
8151,25.5
8152,-2.0
6662,-19.5
8102,0.5
5011,9.0
9934,-16.0
1514,8.0
3950,-19.5
6882,-5.0
5477,-1.0
375,-3.0
4212,-0.5
8039,8.5
8665,28.5
1349,6.0
8183,48.0
6256,13.0
2547,19.5
9835,-10.5
5384,-1.0
5886,-9.0
2241,-3.5
6301,-39.0
4191,-2.0
9843,9.5
3619,9.5
890,19.0
2261,-12.0
3570,-1.0
5946,8.0
5592,-33.0
10074,0.0
1528,-7.5
6390,-9.5
3113,9.5
8242,3.5
6514,-19.0
9985,-25.5
33,9.0
4680,-15.0
3679,20.0
3327,-1.5
4016,12.5
3663,7.5
3115,24.0
9477,8.0
5346,-9.5
8688,-9.5
9319,12.5
9631,-4.5
9921,11.0
1117,-1.5
5240,-8.0
4126,-10.0
4766,23.5
2208,-0.5
4887,-7.5
156,6.0
6844,20.5
4469,25.5
8672,-26.5
5596,23.5
4437,14.5
6860,3.5
8065,-30.0
9116,0.0
6835,15.5
5017,16.0
4591,-3.5
1099,1.0
8085,4.0
7044,-19.0
1170,21.5
3620,-6.0
6768,0.5
1686,6.5
2930,23.0
8784,-6.0
3232,-0.5
4293,-1.5
2690,5.5
336,2.0
1616,7.0
334,1.0
7988,-0.5
8178,-4.0
1777,-3.0
3039,10.0
4752,21.0
1282,3.5
7391,-15.0
4386,-13.0
3348,9.0
3754,-5.5
4546,-23.0
2452,27.5
2313,-2.0
5939,11.0
9136,-5.5
4587,-2.5
683,-3.5
2232,5.0
8060,12.0
3885,-12.5
6878,-1.5
10581,-1.0
6579,-21.5
4583,-8.5
3591,-6.5
2482,-1.0
5638,-1.0
284,12.0
5773,5.5
7302,-7.0
3807,7.0
1386,0.5
9783,10.5
5668,-9.5
3148,-16.5
4415,10.0
1362,-16.0
2745,9.0
2916,0.5
2447,-17.5
5956,4.0
1335,20.0
211,-9.0
7174,4.5
8335,-4.5
3105,-31.0
7144,18.0
3742,13.5
3899,-8.5
2381,0.5
2005,28.0
3452,-6.5
10159,-4.5
8648,10.0
1640,-2.0
6049,5.0
6570,9.5
6640,-8.0
9248,5.0
1798,-24.0
639,-0.5
3353,-2.0
7362,6.5
5601,-8.0
6360,-5.0
779,-11.0
2756,-20.0
9219,20.0
8611,14.5
534,13.0
10441,-6.0
5524,-1.0
4300,1.5
7036,-21.0
1839,11.5
5272,5.0
5100,0.0
77,-9.0
5929,-15.5
766,-7.0
5568,-2.0
2762,10.5
3284,16.0
10390,19.0
563,9.0
9702,32.5
4184,16.0
6819,-13.0
6993,14.0
8201,-16.5
5413,5.0
6957,11.0
2604,-25.5
10049,1.5
1008,-2.0
3024,10.0
5925,-3.5
2464,19.0
5360,21.5
1660,-1.0
8837,3.0
3968,-19.0
3015,6.5
4346,13.0
999,-29.0
1370,-0.5
6563,-12.5
8904,2.0
1483,20.5
4309,-13.5
12,2.0
8845,-9.5
987,0.0
9047,4.0
7640,-13.5
219,-30.0
847,-11.5
2615,0.0
3855,-4.0
4297,11.5
10020,26.0
3152,-11.0
3684,-2.5
1590,-8.5
3226,11.0
1929,4.0
3959,2.0
9278,25.0
2501,30.5
303,20.0
7482,-22.0
6717,-0.5
3632,-7.0
2633,-8.0
9745,4.0
8628,19.0
1530,3.0
353,4.0
7793,-11.0
8097,11.0
576,-24.0
5008,18.0
8072,-2.5
4962,-2.0
6716,0.5
256,3.0
8189,34.0
2767,10.0
4601,19.0
8903,6.5
6415,-7.5
803,-8.0
2843,-3.0
792,34.0
7475,0.0
8573,30.0
4244,-1.0
5833,16.0
6704,-19.0
8141,-23.0
5519,13.5
10531,-1.0
9289,17.0
546,-33.0
9609,9.0
399,-21.0
2167,25.0
742,14.5
7457,18.5
767,15.0
7534,-24.0
10603,-20.5
2039,-23.5
10627,6.5
6580,21.0
4884,18.0
2154,-11.0
3631,9.0
3292,6.5
679,1.5
9148,5.5
10134,-2.5
7595,-25.0
2640,-9.0
9222,14.5
7698,25.0
7119,0.0
4762,15.5
5505,-5.5
2417,23.0
1454,5.5
5295,-7.5
8529,17.5
3833,-2.0
3165,1.0
7131,-4.0
7603,-10.0
2555,23.0
9877,-5.5
2605,7.0
3845,-20.5
35,-8.0
4400,-27.5
1770,8.0
1525,1.0
9962,-2.0
3329,1.0
2614,2.5
8041,-19.0
5424,7.0
6227,-8.5
130,1.0
4211,27.0
4403,-11.0
7673,22.0
3253,-11.0
5262,-0.5
7230,6.5
6167,-14.0
2600,37.5
9791,0.0
5201,-10.0
7402,-27.0
5480,-2.5
4545,-8.5
4498,1.5
10522,32.5
4153,1.0
7521,-9.0
6358,26.5
120,-2.0
10316,1.0
7059,30.5
4295,-1.0
7316,-12.5
4804,-7.5
6431,5.0
3859,-14.0
4378,7.5
4959,18.0
9131,10.5
9467,23.5
6713,7.0
6603,-13.0
5945,19.5
442,0.0
2866,-7.5
7043,-4.0
9990,-30.5
9887,0.0
3655,-10.0
275,22.0
4322,4.5
6789,-1.0
3261,-26.0
589,9.5
10016,-1.5
9865,5.0
5796,1.5
5457,10.5
580,-11.0
6199,7.0
10417,15.0
841,-2.0
2188,-8.0
7139,-28.0
7808,5.0
3724,-5.5
6533,-31.0
6660,5.5
8380,-0.5
2497,-25.5
7762,-2.0
6105,16.0
3948,4.0
1002,-24.0
10072,0.5
10657,1.0
7310,13.0
10368,0.5
3089,3.0
1352,-9.5
2897,23.0
7517,15.0
7089,25.0
1566,-3.0
10591,-10.0
3973,-14.5
8377,6.0
4222,-14.0
3746,12.0
9321,5.0
253,-6.0
3300,8.5
6999,8.0
5344,-2.5
8942,-12.0
4455,18.0
10665,-6.0
2608,3.0
4080,12.0
1649,-1.5
2831,-1.5
8139,-10.5
4544,-8.0
8111,-13.5
8173,13.5
5041,14.5
7355,16.0
10634,10.0
4422,-1.5
3608,0.0
8442,9.5
3991,4.0
8666,-25.0
4990,-25.5
9275,7.5
7863,7.0
2629,5.5
3835,2.0
3270,11.0
3097,23.0
3581,7.5
2589,2.0
8421,-16.0
10150,1.0
2552,10.0
5259,6.5
3156,-2.5
5734,-2.0
1632,-12.0
8986,-13.0
5117,7.0
7004,-4.5
2790,-15.0
10386,-13.5
4390,11.0
7697,-1.0
6542,6.0
7386,-1.0
7681,5.5
525,11.0
5034,34.0
7466,13.5
6672,-4.0
4394,0.5
3700,10.5
6089,-18.0
5035,-1.5
5436,-13.0
2473,-7.5
9509,9.5
1695,-15.0
3866,-9.5
34,-10.0
8309,9.0
2095,-14.0
10663,-7.0
2132,-49.0
8257,-13.0
5345,1.5
6595,-15.5
2512,5.0
2904,22.5
6158,2.5
814,-14.0
1050,26.5
5803,-20.0
2755,-15.5
6026,-9.0
9850,-1.0
92,12.0
6600,14.5
9734,5.0
5640,9.5
2681,1.5
2346,0.5
8754,-4.0
4239,-16.5
7371,7.0
324,-15.0
6215,25.0
8727,-6.0
10191,29.5
6291,18.0
5333,17.5
4467,8.0
7024,-10.0
8609,18.0
7648,21.0
448,5.0
8932,6.5
1506,4.0
3606,2.0
316,-24.0
27,-8.0
7124,13.5
6454,-6.0
699,7.0
7802,-7.5
8083,-24.5
3596,17.0
807,1.5
5005,-7.0
9077,-7.0
2910,12.5
4397,-20.0
1545,0.5
4651,4.0
1095,10.5
10333,-9.0
223,4.0
8735,-1.5
9286,14.5
7556,-15.0
9211,15.0
8958,-12.5
3913,-3.0
6750,7.0
10170,-4.0
7881,2.0
1502,-11.5
8729,7.0
1767,-8.0
9443,-11.0
3434,6.0
6287,15.0
5723,11.0
9902,-4.5
4758,6.0
10467,-4.5
8540,-15.0
8577,13.0
3802,-9.5
10625,0.0
2400,-24.0
2018,16.0
10112,4.0
453,-11.0
8854,6.0
4798,-1.5
1332,-10.5
8301,-24.5
9481,-16.0
4015,7.5
6904,14.5
7094,15.0
5895,15.0
5869,9.0
4922,-14.0
4872,-25.0
9308,2.0
6795,12.0
6166,-2.5
8398,-15.5
143,36.0
751,-2.0
8551,10.5
9015,8.5
8142,-15.0
4663,0.0
5403,0.0
2020,2.0
1462,-3.0
936,-0.5
1621,20.0
9893,-11.0
706,-3.5
3803,10.0
3193,-10.5
625,-16.0
6567,-11.5
1752,-36.0
9246,-5.5
6316,-3.5
6149,-5.5
536,28.0
2330,-7.5
8198,37.5
3219,21.0
1181,-19.5
3625,20.5
2569,-5.5
6897,-1.0
8974,29.5
3891,-38.0
9575,7.5
6712,-7.0
4499,26.5
7750,0.0
9673,-6.0
5241,1.0
4662,3.5
1119,3.5
3453,-3.0
861,-18.5
3462,-17.0
1102,-24.0
10375,-16.5
6697,15.0
8130,-1.0
2636,16.5
7200,-14.5
6043,1.0
8420,19.5
10344,23.0
6413,-12.5
4654,-2.0
2104,12.0
2198,7.5
4024,16.0
3577,0.5
10464,1.0
3837,0.0
4202,-1.0
8456,0.0
7470,-10.0
1540,21.0
5752,-22.0
8052,-2.0
4901,20.5
2543,2.5
7263,-1.0
7287,-15.0
4920,-6.0
5551,10.5
265,-8.0
6654,5.0
3793,18.5
314,-3.0
1477,2.0
4307,11.0
4778,8.0
377,-18.0
5010,9.0
6734,1.0
7937,-5.0
4115,3.0
4974,-4.0
10238,9.0
10567,-21.5
8268,10.0
9598,1.5
1401,24.5
2620,7.0
3376,-0.5
5757,1.0
9933,-13.0
7855,12.0
4805,-1.5
4114,14.0
1703,-21.0
5341,-5.5
8265,1.0
8977,11.5
2117,-23.0
7008,6.0
4741,-7.0
4669,13.0
8314,3.5
2193,-20.0
9776,12.0
10520,20.5
4385,-9.0
6992,4.0
6456,6.0
3607,10.5
7815,-8.5
4451,-10.0
4506,-10.0
3030,1.0
352,11.0
9030,18.0
1866,-16.0
4417,15.0
10055,-3.5
3945,-7.0
9431,-12.0
6364,4.0
8464,-19.0
8550,0.0
124,-10.0
1019,-7.0
5533,0.5
4509,19.0
7392,7.0
9624,-37.5
3697,3.0
5053,1.0
2182,15.0
1708,10.0
5400,8.5
4710,-12.5
1806,-8.0
408,3.0
10192,-8.5
6794,4.0
309,-19.0
182,9.0
6496,-9.5
3812,-9.0
2255,4.5
1811,28.5
8228,28.5
2935,1.0
8757,-2.5
10453,17.0
10654,-9.0
10436,3.5
10355,33.0
6062,16.5
5950,11.0
2442,-23.5
6327,-12.0
5562,-6.0
4707,19.0
10448,-6.5
860,-9.0
650,-12.0
6005,-7.0
10324,-23.0
2823,0.0
9353,-11.0
4985,33.5
1549,24.0
3073,-1.0
7217,11.5
387,9.0
6001,24.0
6283,4.0
8308,13.5
10207,6.5
5810,-2.0
10008,-19.0
9329,-10.5
7767,3.0
32,-13.0
5320,6.5
2827,2.0
440,15.0
2171,0.5
9651,13.0
9022,8.0
5845,-6.0
7607,6.5
7000,20.0
6132,-15.5
8046,-31.5
7753,-21.0
8747,9.0
5038,17.5
2741,-8.0
7221,4.5
3504,-9.0
4819,-5.5
833,-5.5
9704,-21.5
1492,17.5
892,10.5
8149,6.0
3841,8.5
5606,-12.0
7260,18.0
9005,-17.5
10291,0.0
9017,-8.0
3783,-1.5
6806,-8.0
1153,-0.5
9906,-24.0
8074,23.5
7900,11.5
7050,-1.5
5358,14.0
7707,1.0
5921,-7.0
8701,-6.5
9253,1.0
8305,10.5
7349,15.5
427,7.0
5720,-9.0
6715,1.0
10484,-0.5
1812,1.0
9617,7.5
6480,5.5
1361,-17.0
6894,-10.0
7844,-30.5
4431,-5.0
4835,-27.0
717,10.5
2150,-13.0
6249,-11.5
10105,-11.5
2355,11.0
10318,10.5
1442,9.0
8600,-17.0
3714,6.0
2958,-3.0
4308,0.5
398,-6.0
3373,-19.5
3035,-2.0
6883,11.5
7742,-3.5
2861,-20.0
2972,2.5
7679,-10.5
3567,10.0
3230,-4.5
423,16.0
5423,4.0
487,10.0
6967,-8.5
2122,8.0
8428,3.5
629,2.0
10158,-24.0
1417,-27.0
13,-1.0
7156,-1.0
1527,29.0
7904,-3.0
6147,13.5
712,-10.0
3446,-6.0
10354,-22.0
2140,8.0
8446,7.0
8679,7.0
2821,17.0
9942,-7.0
9229,16.5
7269,37.0
1658,-7.0
1391,3.5
7552,9.0
5690,10.0
2748,11.5
6970,-3.0
1841,18.0
8131,-9.5
9653,17.0
1275,5.0
5170,13.0
7485,1.0
4459,-7.0
7474,-14.0
10466,-3.5
4022,3.5
323,6.0
1427,-8.0
9358,3.0
7752,13.0
10629,14.0
2731,-12.0
6917,-3.0
1882,-8.5
9733,2.5
9349,-1.0
6680,12.5
655,15.0
5484,-28.0
4813,3.0
1213,7.0
9548,0.5
9538,-6.5
6351,-23.0
2239,-2.0
545,-2.0
268,15.0
8067,23.0
4229,-9.5
43,0.0
10121,-6.5
2894,5.5
2825,-0.5
10254,21.5
3009,-9.0
1331,-20.0
7499,10.5
1701,17.0
6440,-0.5
8346,-8.5
8580,-2.0
5438,9.5
413,-4.0
10173,-12.5
9694,-2.5
4610,5.5
930,-4.5
3702,3.0
1326,1.0
4333,-6.0
786,14.0
7118,12.0
750,-25.5
7858,10.5
5080,-14.0
7442,4.5
9849,3.0
159,19.0
7756,-24.0
9871,-6.0
7214,11.0
2694,16.5
8280,41.0
6681,0.5
10113,9.0
1276,10.0
3814,12.5
6613,1.5
7818,-31.5
8959,-26.5
3916,-5.5
3574,-16.0
4948,0.0
1856,8.0
7661,-10.0
1744,13.0
6675,-15.0
8877,13.5
9315,-0.5
8831,-20.0
995,-19.0
7318,9.5
7181,1.0
7987,-13.5
9561,-3.5
3412,-8.5
10104,0.5
1716,8.5
3411,9.0
9555,-12.0
4668,12.0
3382,-2.0
5061,24.5
7193,6.0
5942,-8.0
5113,-8.5
1781,-1.5
8901,10.5
9669,5.5
410,3.0
10185,-13.0
3469,8.5
7569,-3.0
5321,-12.0
376,5.0
1015,16.0
8586,1.0
646,1.5
3455,-16.5
1982,-3.5
6793,-3.5
7817,-6.0
7007,2.0
7834,-13.0
10147,-21.0
3010,-9.5
10643,-5.5
7115,15.0
4567,6.5
6554,2.5
8161,-9.0
4409,-35.5
10387,0.0
7069,-2.0
9466,8.0
3961,20.5
9637,-8.5
6826,-28.0
9641,-15.0
4047,14.5
7161,-9.5
6193,-11.0
2297,-13.5
9912,4.0
3187,-2.5
5802,-8.5
9097,18.0
5744,2.0
10217,-4.0
809,-12.0
2004,0.5
7735,-5.0
1261,2.0
6754,15.0
5881,-12.5
8787,-8.0
2383,-14.0
4266,8.5
3174,-10.0
5637,-1.0
8838,-2.0
9490,26.0
8581,28.5
5004,20.5
3889,4.5
7353,19.5
9672,7.0
9220,4.5
4936,15.0
26,5.0
10615,25.0
7324,-0.5
9156,-10.5
6416,0.5
6386,-8.0
1319,-7.0
2388,-11.5
7929,-14.5
6171,-5.5
6988,-2.0
9838,-16.0
8353,-11.5
4754,12.5
8281,7.0
9193,1.0
3433,9.5
8363,5.5
9585,3.5
1496,-4.5
10373,2.0
6954,16.0
10334,-0.5
2537,3.0
5679,17.5
7882,-14.5
4146,-2.5
10165,-5.0
1066,7.5
6520,4.0
1598,-35.0
6041,-8.5
7297,-5.5
10141,-19.5
2804,-8.5
8303,10.0
6638,-1.5
7071,5.5
7271,11.0
10048,15.0
1790,-2.0
302,-7.0
10491,-9.5
5282,-8.0
4621,10.0
9982,-12.5
10370,10.0
8374,-30.0
1971,3.0
9428,10.0
4827,27.5
3811,-10.5
4933,9.5
5777,-10.0
2332,-31.0
7957,10.5
9423,-7.5
4984,7.0
7965,-15.0
335,-2.0
1218,-26.5
4124,22.5
1128,-3.5
1742,-12.5
5697,13.5
7602,-13.5
5590,1.5
6096,6.5
10357,-14.5
3158,10.0
6008,4.0
4233,-16.0
363,4.0
3211,-29.0
983,18.5
5190,7.5
9738,34.0
8150,-8.5
269,0.0
10595,2.5
4792,2.0
6328,-10.0
5215,-6.0
8073,-8.0
10623,-14.0
231,11.0
5493,40.0
5204,-18.0
9524,18.0
3906,-13.0
955,-24.5
4420,16.5
9397,-12.5
3474,-11.0
9833,-11.0
8824,9.5
2279,-1.5
7992,-14.5
846,-7.5
4648,-28.5
3167,6.5
5030,0.5
4097,11.0
8007,1.0
6517,0.5
436,0.0
2012,31.0
7155,8.5
9749,10.0
10639,10.0
4484,-6.0
9396,6.5
8329,-34.0
3767,-15.5
7639,7.0
4927,-10.0
5643,-2.5
4241,17.0
2073,-13.0
4641,-10.0
9098,-4.5
9380,-6.0
10545,8.0
9160,1.0
2982,-0.5
1682,-2.5
9900,1.0
7694,25.0
460,-14.0
6373,-11.5
585,5.5
378,1.0
8518,-1.0
5184,-15.5
3763,-9.5
2628,25.0
9547,4.5
3737,4.0
3708,-5.5
1229,31.5
5382,-14.0
3680,-10.0
7996,15.0
166,18.0
6733,8.0
9715,27.5
5831,16.0
4117,-8.0
7547,15.0
221,16.0
10281,-13.5
2181,-5.0
9104,25.5
5141,-7.0
6515,4.0
7885,-5.5
4866,-26.5
3829,-21.5
6586,-6.5
5025,-1.0
4063,-6.0
5822,-16.5
1782,-10.0
1201,-27.5
2816,-1.5
37,15.0
2952,10.5
4248,-3.5
8076,0.5
9910,20.5
9103,-9.0
940,28.0
558,2.0
4537,32.5
5231,6.0
1728,17.0
7526,0.0
9243,-4.5
8119,5.5
8906,-12.5
9523,5.0
1374,22.0
5704,-11.0
658,10.0
3347,12.5
3166,-17.0
1942,-9.5
3209,-5.0
3397,9.0
8526,-11.5
8026,5.5
5342,20.0
10276,-28.0
3383,1.5
5428,1.0
3367,-9.0
7890,-7.0
7635,-14.0
1588,3.5
10004,-6.0
6811,7.0
1151,22.0
4553,19.5
1976,-3.0
1490,4.5
7015,2.5
9588,-10.0
10300,-7.0
2,0.0
6682,0.0
2077,38.0
8902,-3.0
424,-13.0
5814,10.0
5864,9.0
7291,-8.5
5555,1.5
9680,-5.5
8716,-8.5
5354,13.5
7956,-6.0
7511,-10.0
5907,12.5
3750,36.5
7243,-2.5
5968,19.5
7498,-10.5
9829,20.5
10542,-2.0
4473,-4.0
8368,16.0
7589,-18.0
1262,-20.0
9515,6.5
5986,-21.0
1575,-13.0
8605,15.0
117,-3.0
10103,-7.0
5807,3.5
3323,2.5
8188,34.5
2507,-22.5
6767,14.0
4689,4.5
3789,4.0
6551,10.0
1323,9.0
2506,-6.5
4580,21.0
6922,-11.5
8321,-6.0
6841,9.5
9757,10.5
700,-13.0
8496,10.5
7020,-2.0
10547,-19.0
6500,10.0
7591,-22.0
1321,19.0
2135,32.5
2218,10.0
2106,14.0
2616,4.5
5748,-1.0
8721,-12.0
1561,3.0
2907,29.0
1973,3.0
1343,-10.0
535,-24.5
5503,18.0
2031,-2.0
9273,-14.0
6212,17.0
1224,27.0
1780,-0.5
757,-4.0
4727,-5.5
9055,-0.5
7920,13.5
4172,4.5
8719,-21.5
8302,19.5
3060,5.5
6079,-24.0
361,-4.0
6441,-17.0
1895,5.0
7279,-12.5
4263,4.5
5165,-5.5
2668,16.0
719,-10.0
1675,-4.0
5936,-12.0
270,14.0
4391,4.0
3642,-3.5
7523,-6.0
2969,-5.0
7267,-14.5
1277,-18.0
4198,11.0
93,21.0
6783,-6.5
3867,2.0
3820,-14.5
6122,-9.0
880,-9.0
4169,-5.0
867,13.0
5455,-14.0
5644,7.0
10494,-6.5
6479,-6.5
9264,-10.0
10410,-13.5
5001,-1.5
643,4.0
9719,8.0
2956,3.0
4084,-30.5
5652,1.0
8871,-10.5
1722,0.0
7070,-7.0
381,17.0
1144,-2.0
7934,0.0
845,10.0
7022,-10.0
8988,7.0
7879,6.5
9412,30.0
8722,-4.0
1384,9.5
4068,-3.5
4852,-3.5
5233,3.0
7869,-20.0
4033,-4.5
9541,-7.0
107,9.0
3909,1.5
7138,-13.5
9430,-16.0
6359,21.0
9149,14.0
1301,-16.0
4516,-9.5
7910,-0.5
686,-12.0
4316,18.5
9984,1.0
5873,-12.5
6887,9.0
2085,9.0
1534,10.5
4401,-2.5
2047,-14.0
317,-12.0
4476,0.0
5396,-4.0
994,4.0
3149,2.5
8924,34.0
10513,-19.0
5253,4.0
10258,4.5
6399,-6.0
3316,-22.0
989,-6.0
4041,9.5
1498,6.0
8509,-0.5
7176,3.0
9472,-18.0
244,-18.0
6634,-1.0
5251,-11.5
8875,6.5
9926,4.5
7865,24.0
2824,22.0
4501,19.5
3524,-2.0
7835,2.0
272,-11.0
152,-1.0
653,-23.0
8568,-9.0
3962,18.0
6446,10.5
4317,16.5
9649,9.0
372,4.0
3282,-5.5
8272,-14.0
5963,11.0
204,5.0
2252,-11.5
982,-11.0
898,-10.0
9839,-9.0
10043,-1.0
1281,-10.5
1040,28.5
3535,0.0
2844,-10.0
5514,11.0
8937,-27.0
6908,-10.5
9639,-11.5
5791,30.5
4161,-2.5
9958,-1.5
6907,-15.0
8869,-30.5
4247,45.0
8266,4.5
2893,-4.0
4881,-1.5
8263,6.0
7170,-8.5
10636,13.5
2173,-15.5
10186,2.0
8925,-14.0
1576,-8.5
8774,0.5
9328,6.5
259,5.5
4940,-14.5
2674,-1.0
8703,5.0
10524,14.0
7723,-14.0
1247,-23.0
3430,-25.5
7049,34.5
6753,-13.0
571,-8.0
9478,4.0
8521,16.5
7787,42.0
1327,1.0
7747,-6.0
7964,14.0
4515,-13.0
4442,-9.0
5404,-19.0
267,10.0
8020,18.0
1404,-12.5
4001,-21.0
3566,-6.0
4353,-4.0
4968,-16.0
9079,26.0
1955,-4.5
9062,-19.5
9731,-6.5
7111,18.5
2161,3.0
900,-10.5
3447,5.0
8788,17.5
10168,-3.0
8950,13.5
5582,14.5
8815,-4.5
4155,-20.0
6578,24.0
8863,-14.0
5232,-7.0
1397,16.0
972,3.5
6286,-6.0
1186,22.5
10278,40.0
9327,-0.5
5874,8.0
10091,12.5
9287,-1.5
2998,-11.0
8766,3.0
9863,11.0
10500,-6.5
1834,-13.5
4800,-4.0
2701,-29.5
1,3.0
6980,13.0
9858,-3.5
5381,-20.5
10240,4.5
9000,-3.5
1297,17.0
7749,8.0
5474,-9.0
9828,-20.0
2177,9.5
4027,5.0
8618,4.0
6112,10.5
2082,17.5
951,-10.5
5303,0.0
4342,4.0
10293,-2.5
800,8.0
1879,-40.5
10218,21.0
5995,-5.0
3041,8.0
5849,-11.5
3204,13.0
2107,10.0
6597,-22.0
4054,-10.5
4829,-9.5
638,3.5
6926,-24.0
8990,-13.5
4234,-14.0
6744,19.5
6889,1.5
5852,1.5
776,-2.0
8516,-10.0
4360,23.0
407,4.0
7114,3.0
7926,-21.0
10423,-0.5
5762,-7.0
6410,-14.0
119,9.0
10452,-1.0
8567,18.5
5237,30.0
9447,16.5
4029,0.0
8660,9.0
8245,-7.5
2491,9.5
3649,-11.5
8789,-23.0
9300,-2.0
6724,-16.0
8186,22.5
9876,-6.0
9218,0.0
5634,-0.5
5917,-4.5
7514,35.0
601,29.5
5747,-0.5
9842,0.5
716,3.0
8262,-8.5
3823,5.5
389,9.0
4858,3.5
45,7.0
9365,-21.0
165,25.0
9450,-18.0
7645,9.0
64,10.0
9690,17.5
3340,-5.5
1579,-5.0
6722,-7.5
2151,-10.0
2882,13.0
8783,-1.5
5639,6.5
2125,-3.0
8096,-14.0
9403,-10.0
7360,6.5
942,-7.5
6777,28.0
9504,4.5
2948,-31.0
5481,10.5
10648,7.5
6643,5.0
2365,19.0
537,-8.0
6865,-12.0
5375,-6.5
7454,28.0
5123,10.0
9895,-11.0
783,4.5
2437,-12.0
6943,15.5
3594,-1.0
2088,33.5
2765,10.0
5372,-11.0
3214,8.0
9721,-4.5
6798,2.5
5459,14.0
4607,-10.5
1047,-3.0
2093,7.0
7631,16.5
4569,-6.0
4519,6.5
1784,-3.0
7150,-1.0
4127,-11.0
4776,15.0
9277,-1.0
1043,21.5
8004,-2.0
10331,-20.0
9570,-9.5
4429,21.0
8830,22.5
6339,-12.0
1688,19.0
6663,-2.0
2521,19.0
1179,5.0
5824,18.0
5548,-14.5
692,-5.5
5334,-38.0
4801,-1.5
6300,-12.0
3666,-31.5
5517,-15.5
7613,-6.0
5536,10.5
10030,19.0
1493,-12.5
8946,14.5
3825,14.5
2979,28.5
3322,-28.0
8427,-11.5
8063,23.0
2774,15.0
7975,-25.0
138,25.0
2849,-1.5
1993,-4.5
7376,5.5
9899,-22.0
9646,-5.0
9076,21.0
925,-20.0
4382,14.5
7250,39.0
6293,-2.0
10543,4.0
9216,-6.5
1379,11.5
9808,-11.0
1587,25.5
7520,4.5
2235,-6.0
1324,-0.5
7443,-0.5
10413,-8.5
9495,-4.0
7928,16.5
8294,-20.0
2919,-11.0
9556,-6.0
1924,19.0
5937,42.5
3717,-7.0
3964,1.0
5110,0.0
7410,19.0
10435,7.0
9309,-8.5
7706,4.0
1431,10.0
10528,35.5
9901,9.0
981,7.0
5392,22.0
4525,-1.5
6367,-9.5
1662,-23.0
3826,-2.0
3188,21.0
8645,-7.5
514,-21.0
4327,-6.0
4853,-17.5
8501,-0.5
1163,-4.5
5972,-4.0
3218,-13.5
5974,6.5
2474,-20.0
8069,-11.0
9496,4.0
4612,-3.5
2206,-5.5
7755,6.0
7219,-17.5
5105,12.5
4025,12.5
9549,15.0
7826,9.5
9272,-7.5
318,4.0
5826,20.5
9039,-18.0
8597,-4.0
7615,-24.0
5992,-1.5
3386,-21.0
9013,25.0
10292,-7.5
10109,10.0
10602,9.0
6766,25.0
5528,5.5
485,5.0
1408,15.0
3194,1.0
8638,-8.5
641,13.0
7332,6.0
5194,5.0
2163,-1.5
3271,18.5
3781,17.0
310,20.0
4828,14.5
8650,-6.0
6184,9.0
7419,15.0
39,14.0
4227,6.0
9387,-15.5
10628,-9.5
6761,13.0
2749,-9.5
8352,12.5
6051,-0.5
759,-2.0
195,-10.0
6370,11.0
10319,-11.0
4568,-4.0
6621,-22.0
8879,4.0
1533,-22.0
2997,-7.5
9198,1.5
1996,-16.0
8621,2.5
2268,14.5
1907,-2.5
3965,6.0
233,-9.0
9691,5.5
2811,33.0
9834,0.5
10272,-10.0
1001,5.0
8971,-5.0
9972,6.5
4235,10.0
7524,-0.5
5712,-31.5
9560,-15.0
9074,-11.0
3301,-1.0
5546,17.5
2753,-0.5
3890,24.0
1887,5.5
8627,22.0
5173,26.5
1472,19.5
2892,26.5
337,-20.0
7623,-6.0
1162,14.0
3861,-20.5
8527,-2.0
5985,-11.0
6254,-9.0
2418,-10.5
4605,-22.0
2884,-12.0
1078,10.0
7542,2.0
10649,29.0
232,-7.0
1828,17.5
172,4.0
3538,-22.0
3897,22.5
3468,-15.0
7944,-4.5
9171,-2.0
6170,-1.0
3685,13.5
1195,0.0
2940,-21.5
9375,-1.0
6851,-15.5
10460,9.5
649,1.0
6198,-9.0
3517,-0.5
84,-6.0
4491,-9.5
2544,-6.0
7433,-7.0
8331,-27.5
5901,0.0
3748,-3.5
2034,-3.0
1886,-35.0
3944,9.5
9332,-1.0
4925,-5.0
2571,1.0
3396,12.0
7281,-23.0
1618,-8.5
644,6.0
6050,-8.5
4345,8.5
3589,-10.5
7989,-17.0
9950,-17.0
7300,-3.0
784,2.0
2607,-1.0
2422,27.0
5713,0.0
6310,7.0
155,7.0
2588,-3.0
8246,14.5
10458,2.5
3047,-20.5
6699,8.0
4747,10.5
8405,8.0
9507,7.5
2932,20.0
7215,-11.5
61,15.0
4332,0.0
10066,-10.5
1711,20.0
7538,-6.0
8923,-13.5
3537,6.0
9698,-6.0
4289,21.0
542,15.5
5278,-12.0
3310,-11.5
8275,23.5
3847,-6.5
4729,-8.5
4664,17.0
5487,19.0
5022,11.0
332,15.0
3488,12.5
6678,-27.0
8143,11.5
10077,-6.0
4288,12.0
1542,-6.5
5977,26.5
8632,-10.5
5476,23.0
1322,7.0
1735,-1.5
9166,14.5
1458,-1.0
10236,3.0
3850,-23.5
5981,-2.0
6482,13.0
5527,25.0
6895,-1.5
3508,15.5
6772,7.5
1053,23.0
153,-20.0
1936,-7.0
6749,-7.0
7235,6.5
735,-10.5
6848,-11.5
1199,-6.0
1567,-1.0
3285,0.5
7692,-6.5
9605,-7.0
3046,4.5
827,-10.0
9228,21.0
6097,7.5
6487,-15.0
8547,-14.5
5097,4.0
6665,-7.0
3804,6.5
6210,23.5
7210,-24.0
4163,-5.0
10325,-1.0
3418,-5.0
9587,-5.5
7366,-18.0
10389,-0.5
1679,14.0
10294,-7.0
163,-1.0
5711,12.0
3670,-15.0
3460,-12.5
6947,-8.0
6071,5.5
5270,11.0
7851,7.0
9215,-7.5
1176,-2.0
9920,9.5
3408,2.5
6196,-5.0
8125,2.5
1771,-3.0
6853,15.5
69,20.0
7736,7.0
741,-8.5
5691,-9.5
1339,-0.5
2929,18.5
3173,-7.5
3252,16.0
9636,11.5
4822,-9.0
5287,20.5
3108,11.0
10604,-1.0
4943,-6.5
3514,-10.5
2898,11.5
7331,15.0
7968,17.0
3590,0.0
5896,-3.0
1478,-0.5
1190,6.0
2016,-2.0
6863,-10.0
1852,-10.0
2327,5.0
3779,4.0
8807,10.0
9394,-9.5
9239,4.5
8930,21.0
6940,4.0
5370,-15.0
2933,-27.5
7055,-6.5
6419,-8.0
9213,-1.5
4085,6.0
8116,-41.0
2949,-1.0
10402,5.0
802,-8.5
1017,3.0
2489,7.5
6906,-11.0
1110,-18.0
7657,-6.5
9045,5.0
4465,-8.5
10358,-21.5
10122,15.0
1747,17.0
9805,-16.0
9217,-5.5
9452,7.5
441,-6.0
917,18.5
6444,0.5
5149,-7.0
10146,15.5
190,6.0
8707,-24.0
394,-9.0
6053,-3.5
3231,-10.0
5323,2.0
238,-16.0
1524,-9.5
8351,5.0
8,-5.0
9760,-3.5
8896,-6.0
2666,4.0
8978,-9.0
3369,-10.5
1519,-5.0
9419,5.5
9658,18.5
7259,50.0
738,2.0
500,14.0
2586,-10.0
1715,4.0
9938,-9.0
4147,-6.5
58,-5.0
9352,41.0
6838,14.0
6778,-18.5
2051,37.0
1115,-7.0
4712,-9.5
7963,21.0
1606,-19.5
7240,1.0
8144,16.0
656,-14.0
2331,-29.0
6642,1.0
7799,12.5
7404,20.0
7446,-2.0
4503,-10.0
9628,-2.0
9596,-13.5
9827,5.5
9150,-3.5
1659,-16.0
3925,44.5
10152,-12.0
2715,-7.5
3451,16.0
1957,-26.5
8484,1.5
6098,7.0
1762,2.0
3374,2.5
2432,-6.0
8009,6.5
3576,-0.5
4701,-19.0
7564,0.0
3263,32.0
10552,3.0
3773,-19.5
3559,-18.0
8422,-1.0
4975,-20.5
8888,-1.5
6502,-18.5
9390,0.0
9255,6.0
4175,30.5
3087,-5.5
4923,-11.0
3005,-4.0
8797,-9.0
6625,2.5
7005,-15.0
594,8.0
1668,5.5
462,-14.0
7408,-17.0
10599,-3.0
550,14.0
2924,-10.0
5245,10.0
2183,-0.5
5429,0.5
2832,-11.5
5558,5.0
7369,9.0
4123,8.0
5485,8.0
6747,-17.5
7669,9.5
2667,30.0
7804,0.0
2352,33.0
5507,34.5
2127,1.0
9092,-8.5
10033,-13.0
1378,22.5
9046,18.5
10308,9.0
3539,-2.5
4496,-6.5
556,-14.0
3550,7.0
2175,11.0
4682,12.5
114,21.0
5437,6.5
9748,-14.0
5281,12.0
10470,-19.5
8985,10.0
9944,-6.0
8122,15.5
9200,-9.0
7437,-23.0
8424,24.0
6016,-7.0
2513,-0.5
4642,-3.5
5094,15.5
8962,-16.5
9078,-18.0
10130,-4.5
1520,-32.5
7468,14.0
8452,-32.0
1236,-14.5
4364,4.0
1597,-3.0
7236,4.5
2951,-18.5
6730,-17.5
5322,1.0
849,0.5
10038,8.0
4208,-5.5
10124,-11.5
9348,13.0
7887,18.0
1208,-2.5
3816,21.0
1093,-4.5
67,9.0
5433,4.0
7034,1.5
6397,10.0
8326,-11.5
3797,17.0
4007,6.0
5635,-11.0
2010,-5.0
9815,-3.5
477,-24.0
1663,32.5
1805,23.0
7411,-17.0
5226,-5.0
382,17.0
2204,24.5
6290,-2.0
9940,-21.0
5997,-1.0
3904,-18.5
10394,-3.5
5829,-8.5
3699,12.0
7252,-18.5
9959,-3.0
6581,-15.0
9347,-26.0
8870,16.5
4157,-6.5
8205,21.5
1809,-12.0
5681,6.0
1857,-9.5
7380,-2.5
6125,6.0
3307,-6.5
5427,-34.0
1130,6.0
5966,-16.0
6161,-8.5
4310,-30.5
366,-1.0
235,7.0
5098,10.5
593,1.0
6473,16.0
9941,-24.0
5355,17.0
1499,11.5
3086,-6.0
4144,10.5
10593,8.5
8312,8.0
4406,2.5
8905,3.5
8560,-9.5
7388,13.0
2035,5.0
851,-9.0
7345,-5.0
3033,-12.0
8881,12.0
4003,3.0
959,11.0
4335,-15.5
2654,20.0
10174,0.0
787,-19.0
3774,5.5
3051,-23.0
1737,21.0
3244,-30.0
7038,-18.0
8613,22.0
9126,-3.5
811,-14.0
2024,-10.0
501,2.0
2868,17.5
10305,-11.5
9124,11.0
7512,-7.0
6530,1.0
929,-36.5
2439,10.5
7122,-7.0
5889,27.5
1446,9.0
3552,-1.0
9711,11.5
10060,24.0
29,0.0
9226,-6.0
7188,4.0
4910,-10.0
10259,14.0
5256,3.5
8963,3.0
3740,-0.5
4368,24.5
5828,7.0
3884,2.5
4623,17.0
6368,-11.0
2178,23.0
5554,16.5
702,-10.5
4652,14.0
3792,-4.5
9996,11.0
9650,-0.5
2533,-3.5
3575,14.5
8589,-2.5
10239,-13.0
8762,-7.0
2179,2.0
6824,-4.0
1992,9.0
3546,8.5
8238,-7.0
2412,10.0
10230,14.5
3260,25.0
9528,27.5
9334,4.5
559,15.5
812,-11.0
6391,-24.0
1311,3.0
2909,2.0
2515,-21.5
6979,-10.0
1859,-13.0
5764,20.5
8820,-28.0
6507,-6.5
4162,0.0
2556,28.0
1204,25.0
9455,13.0
6427,27.5
2130,-5.5
2042,11.5
9729,0.0
6802,1.5
1358,-4.0
7312,-8.0
8271,-2.0
7465,-14.0
8543,26.0
24,25.0
6534,9.0
325,20.0
6074,-27.5
5275,-8.5
8695,2.0
8260,3.5
1249,-4.0
4287,-5.5
2573,17.0
7128,6.5
10428,-16.5
1226,-2.0
8426,14.5
8898,-2.5
5242,21.5
10111,10.0
8755,16.5
9614,3.5
2405,-12.5
1510,10.5
7262,18.0
379,1.0
8444,-8.5
7463,8.0
2411,2.5
1400,1.0
1341,21.0
9175,2.0
10065,12.5
8763,7.0
1912,13.0
1421,14.5
1994,-7.0
347,2.0
10051,-3.5
7646,-9.5
7653,16.5
9997,29.5
520,-6.0
4290,4.5
3986,12.0
595,-21.0
9335,-19.5
3076,-6.5
8984,2.0
8972,-7.0
3874,1.0
3952,8.0
2393,-10.0
8147,8.5
2139,2.5
7970,13.5
774,4.0
6250,5.5
1460,1.0
8570,-10.5
6535,0.0
6044,12.0
2971,-9.5
3654,24.0
3069,-5.0
489,22.5
9764,0.5
7303,-11.0
975,5.0
5118,19.0
6136,27.5
3776,2.0
4808,3.0
4749,-0.5
1667,-4.5
9604,20.5
8926,3.0
5452,-30.0
3972,-40.0
10606,3.0
881,-6.0
2703,8.0
9388,20.5
6003,10.5
5059,-19.5
75,8.0
2315,-1.0
5229,4.5
6433,2.0
9661,-8.5
1910,-5.0
3127,24.5
6452,-5.0
853,-12.5
9564,12.5
1075,-7.0
1447,-16.0
1504,-5.5
1861,12.0
2379,-18.0
8199,10.5
4488,21.0
7945,-18.0
5401,6.0
1949,-5.5
2013,17.0
5789,13.5
6592,2.0
7213,6.5
8253,-7.5
6077,-16.0
3101,15.5
9031,2.0
10234,-9.5
4166,-18.0
6347,4.5
7573,-26.5
5682,-4.0
9061,30.5
2963,14.0
2788,-6.5
6349,-6.0
10075,5.0
9854,0.0
7320,13.5
162,32.0
6406,10.0
864,6.5
5976,-1.5
10132,8.0
2256,32.0
2710,-3.0
198,-18.0
6233,14.5
5150,-17.0
2212,11.5
532,36.0
4179,-8.5
7729,-1.0
1161,-7.5
6925,2.5
8284,-11.0
1211,5.0
8068,14.0
946,7.0
7830,-1.0
10228,-12.5
330,0.0
747,31.5
8412,-10.0
7294,5.0
2110,-6.0
10317,-16.0
526,28.0
1751,5.5
3896,7.0
8818,-9.0
2375,8.5
4774,18.0
1596,19.0
6120,21.5
9413,0.0
5414,-1.5
1409,10.0
8689,-26.0
4528,1.0
7550,-9.0
7072,-5.0
768,-14.0
3333,-5.5
401,3.0
8668,-25.5
7954,-5.5
4558,-7.5
9512,24.0
2535,-1.0
7509,-12.5
10012,13.5
295,-14.0
3661,-20.0
3471,23.0
9206,15.0
8726,-32.5
7974,-1.0
4693,6.0
9723,-38.0
6709,10.0
4249,15.0
3184,20.0
2397,27.5
6945,-6.0
3402,13.5
5210,5.0
633,-10.5
1123,16.0
10266,10.5
476,-16.0
5861,13.0
473,-2.0
3758,3.0
3094,-6.5
9427,-0.5
9894,-6.0
5075,-5.5
6536,12.5
9453,-2.0
41,21.0
3578,13.0
8841,6.0
8960,-1.5
5074,1.5
5446,0.5
711,12.5
10659,8.5
10309,-9.0
9125,21.5
8814,-5.5
5208,-10.0
2269,2.0
8998,-0.5
2934,-31.5
1295,29.0
7617,-19.0
5313,-31.0
6377,9.5
5657,8.5
5581,-16.0
8407,1.0
9510,-32.0
1188,-26.5
3873,9.0
5397,-0.5
7385,19.0
8467,-14.5
7553,-4.0
371,-4.0
5913,2.0
7306,-15.0
869,-4.0
8651,1.0
5228,7.0
8497,-10.0
1057,-4.0
8696,17.0
2382,24.5
9251,-9.0
1966,-12.0
4057,-16.5
4221,-1.5
3392,9.5
7656,2.0
369,1.0
1707,-6.0
2678,0.5
5957,-13.0
1090,-8.5
9918,4.0
7991,9.0
4911,5.0
511,10.0
6587,-14.5
4493,-1.5
5542,-15.0
9755,16.5
2430,3.5
3618,-2.0
2108,-28.0
7487,-6.0
5801,-2.0
9531,2.5
8730,18.5
10640,7.5
2541,-20.5
606,-15.0
9073,-1.0
8478,-23.0
2757,4.0
7806,-11.5
10003,-6.0
6333,41.5
3157,0.0
2920,1.5
3815,-3.5
749,5.0
1582,-2.5
8227,-10.0
7276,-32.0
3872,-2.5
1979,11.0
5095,-1.5
7329,-5.5
3139,2.5
7439,24.0
5419,-11.0
3502,2.0
10621,13.0
2145,3.0
1558,-12.5
2853,1.0
4262,5.0
3414,7.5
9516,11.0
1473,6.0
9225,5.5
9363,-14.0
4740,4.5
1739,0.0
7057,-5.0
7471,17.0
8255,2.5
2415,-14.0
3612,1.5
1286,13.0
2286,25.5
8010,3.0
1273,-6.0
6814,-21.5
4807,0.0
7432,-15.0
8578,-7.5
5111,8.5
7098,-12.5
670,21.5
3974,31.0
770,0.0
3144,3.5
5506,-3.5
5329,11.5
8032,-11.0
9341,11.0
8448,-9.0
7491,-22.0
4526,21.5
9822,19.5
8088,1.0
374,8.0
956,7.5
9043,-0.5
54,18.0
1055,-14.5
1034,-26.0
2708,0.5
6518,-1.0
7688,-1.5
1896,19.0
8121,-13.0
4571,-23.0
9885,4.0
7801,10.5
6526,-10.5
5707,3.0
6205,-1.0
409,48.0
10490,3.0
5887,-9.0
2349,-9.0
2859,-13.0
2387,11.5
8392,5.5
1860,-16.5
4626,-5.5
4510,7.0
5349,-5.5
9141,-7.5
4472,-18.5
2311,13.5
1815,-6.5
3982,11.0
8248,-1.5
149,4.0
5703,2.0
3630,10.0
2098,12.0
5181,4.0
1753,-16.5
2490,2.0
1182,21.0
3910,2.5
9261,1.5
9707,-3.0
6875,16.5
701,-11.5
3863,-0.5
6492,11.0
4739,21.0
357,13.0
5793,15.0
3036,1.0
6877,-17.5
1037,-16.5
7068,0.5
8349,0.5
10550,0.0
10658,-9.5
3696,-16.0
8054,-4.0
9448,-35.0
857,21.5
3495,7.5
1457,-4.0
1484,-24.5
4505,14.0
4598,-6.0
7630,19.0
4343,7.0
4547,-0.5
1364,-28.0
9083,7.5
2581,3.0
9766,7.0
8909,9.5
1223,-2.5
4756,-14.5
9080,20.0
2714,26.5
10462,-8.5
10216,2.0
5164,1.0
8473,20.5
9176,9.0
202,5.0
8647,-27.5
2413,-8.0
9002,12.0
2116,21.5
6128,34.5
4426,4.5
839,6.5
8327,9.5
4534,-37.0
7398,-23.5
9279,-7.0
3510,-13.5
10576,10.0
10025,-17.5
1763,4.5
8043,-6.0
8895,17.0
1054,4.0
2597,-1.0
4906,4.0
8344,-11.0
404,-2.0
7883,-8.5
6235,0.5
4261,-2.5
4538,5.5
8378,-16.5
2737,7.0
7389,0.0
2704,-12.0
30,-4.0
8172,-6.0
127,7.0
7272,0.0
957,-1.0
9872,16.0
6240,-17.5
7867,-13.0
1848,-5.5
3712,3.5
1793,0.0
676,1.5
6953,13.0
2340,5.5
7905,5.5
9212,1.5
3493,7.0
1755,-8.5
5357,-21.5
4424,18.0
9880,15.0
1145,-9.0
5015,-8.0
721,9.5
4277,-4.0
10356,-20.0
7242,-8.5
1918,12.0
5285,8.0
7962,18.0
4090,-1.5
6195,9.5
5106,1.0
1546,20.0
9915,17.0
7079,-20.5
8853,15.5
2282,-27.5
10287,5.0
2665,1.5
518,-15.0
9703,-8.5
1838,-27.5
9189,-11.5
9595,-38.0
5089,7.5
9720,0.0
10288,-10.0
4192,-9.5
2834,15.0
8572,1.5
5572,19.0
9583,36.5
4298,-13.0
10638,0.5
1363,6.5
6937,-9.5
9716,4.5
5761,-11.0
628,13.0
5297,6.0
2794,1.0
2483,21.5
5969,-8.0
5198,-21.5
1428,-11.5
2878,-6.0
5867,-18.0
4555,-16.0
7393,-10.0
1381,-9.5
5778,-16.0
6872,35.5
7027,-14.0
9701,-5.5
10384,-5.5
6773,21.5
4676,2.0
9802,9.5
5469,-11.5
1803,-6.5
3764,-8.0
2801,24.0
6239,-16.0
7146,2.5
4182,-2.5
3744,-14.0
4383,-0.5
5739,0.0
9178,-13.0
5411,-10.0
4039,-29.0
6080,-4.0
7878,-0.5
2696,-9.5
9142,3.0
10180,13.0
2838,10.5
10461,17.0
1750,7.5
4638,7.0
3056,-14.0
4991,10.0
6900,0.5
5460,16.5
10332,11.0
2105,-16.0
9151,-18.0
4731,-12.5
8953,-2.0
10265,2.0
4688,4.5
5121,-1.0
10577,-7.0
9374,16.0
7021,8.0
6891,18.0
8169,-7.0
2128,26.0
1685,-10.0
5525,4.5
3100,-25.5
1254,2.5
1844,-7.0
6030,0.0
10566,-3.5
1876,38.5
5007,19.0
463,-32.0
3338,-5.5
9415,13.0
8030,-19.5
4746,18.5
3992,-12.5
9067,8.0
10085,-7.0
3203,16.5
8064,-6.5
6247,-4.5
73,-3.0
1423,10.5
2112,5.5
6340,12.0
6879,-18.0
9227,28.5
1074,21.0
194,8.0
10341,-28.0
1414,-14.0
1917,-2.5
7719,-37.5
8598,4.0
6501,-17.0
8001,24.0
6784,5.5
5361,21.0
10070,-3.5
4257,4.5
7109,6.5
4929,0.0
2726,12.0
6800,0.5
5219,26.5
8381,-20.0
587,-37.5
4010,17.0
2326,15.0
4462,-8.5
6272,-3.5
1586,12.0
7129,4.5
3766,-1.5
1599,5.5
3854,-14.5
4951,-8.5
3221,0.0
1283,-7.5
6528,-5.5
7746,-5.0
7717,18.0
2637,23.0
651,-5.5
10176,7.0
42,12.0
4419,-1.0
2170,6.0
7261,-12.5
8798,4.0
3997,-12.0
5797,-3.0
2303,-16.5
2026,7.0
6382,-22.5
5324,18.5
769,-20.0
9351,4.0
8694,13.0
1185,11.0
4596,-0.5
10024,-1.0
10348,-8.0
3881,4.5
470,12.0
6599,10.5
893,20.5
8833,11.5
1613,0.5
1205,-3.5
4550,2.5
2186,-11.0
8966,25.5
2081,12.5
2747,-26.0
886,-22.0
3753,-3.0
7117,5.5
2032,9.5
4592,2.0
7543,-25.5
4744,-4.5
938,-5.0
4624,-2.5
5812,9.5
2392,0.0
7533,0.0
4393,11.0
2833,-22.0
5899,24.0
1933,-12.0
773,-34.5
2316,3.0
3741,8.0
6323,12.0
8548,-21.0
6823,-4.0
5352,0.0
2915,-24.5
5188,8.5
1372,-10.0
8296,7.0
905,-4.0
1903,-29.5
128,-15.0
761,7.0
4960,-13.0
10201,10.5
2989,30.0
1674,-27.5
2514,10.0
3264,8.0
9582,-20.0
4916,-1.0
6540,-21.0
8035,-18.5
9434,6.0
718,-11.0
5416,-13.0
4427,1.0
7500,-3.5
10138,5.5
878,-10.0
778,9.5
3112,-6.0
6919,1.0
9708,4.0
7325,-9.5
4159,1.5
533,6.0
8061,-22.0
1905,-9.5
7725,16.0
7173,-16.0
9790,-2.0
3525,-10.0
3082,6.0
4142,2.0
10028,-2.5
3088,6.0
1810,-10.5
7915,16.5
6148,-8.5
6226,-9.5
9864,-12.5
1316,-3.0
7082,-6.0
7816,19.0
828,-13.0
251,0.0
1717,1.0
419,30.0
6644,25.5
2070,4.0
2568,22.0
3444,-10.0
7180,8.0
5695,12.0
6315,22.5
2735,20.5
9307,9.5
7790,8.0
471,-4.5
1987,18.0
28,0.0
9238,-32.0
3110,6.0
4352,0.0
4851,-8.0
5131,19.5
3725,0.0
8592,-16.0
2434,-11.0
2300,1.5
10511,17.5
5982,-11.5
8989,0.5
2115,3.5
1995,22.0
984,-30.5
10199,8.0
555,-25.0
9728,-7.0
1214,9.0
3568,-8.0
4733,19.5
1046,14.0
2769,-13.5
602,-16.0
6263,6.5
6447,12.0
5754,35.0
3730,-5.0
5122,-12.0
6395,20.0
9608,-3.0
10573,4.0
9674,-34.0
341,-8.0
280,5.0
5076,2.0
1940,12.5
7598,-3.5
4038,17.0
9234,11.0
3786,1.5
7245,3.0
4195,12.5
5890,-8.5
1639,10.0
5951,-27.5
10023,-35.5
4848,25.5
9837,-0.5
3809,-9.5
7593,1.5
6774,8.0
1749,-6.0
1766,12.0
1267,8.5
4445,0.0
5096,7.0
3287,33.0
5672,4.0
3830,-9.0
1832,-2.0
5971,6.0
6808,-22.0
9696,-5.5
4351,7.5
2050,4.5
10564,-3.5
3328,10.5
5315,10.0
4271,-5.5
8396,16.5
2699,-26.0
5516,7.5
5665,14.0
6462,-15.0
8957,6.0
7705,-28.5
6519,6.5
481,-4.0
10501,-8.0
5140,4.0
7813,-36.5
10408,-6.0
7030,-12.5
1808,-5.0
6442,34.0
4781,8.0
80,9.0
1239,-21.0
7671,-22.0
3449,-6.0
6741,8.5
4432,16.0
4430,-19.0
7105,7.5
7659,-8.5
8848,-20.5
10429,-5.0
1851,3.0
10026,1.5
1346,11.0
539,-9.0
5667,9.0
9133,0.5
10160,3.0
4479,-7.5
2060,11.0
1694,6.0
4666,19.0
9874,-13.0
9779,10.0
4886,6.5
10212,-21.5
6516,16.0
2504,21.0
837,16.0
10620,2.5
2221,8.5
10407,-4.0
8916,6.0
4650,-10.0
1822,-1.5
306,-5.0
2642,1.0
3464,1.5
6326,-3.5
2886,20.5
237,-13.0
5307,-6.0
8579,4.5
5223,-12.0
6208,0.0
5472,-2.0
10523,-18.0
6111,-14.0
6436,10.5
16,30.0
1570,2.5
2548,-10.0
1584,-7.0
8460,-3.0
9180,13.5
9205,4.5
2019,7.5
6380,-8.0
10005,-2.5
3186,1.0
9974,-24.0
2378,-3.0
1512,19.0
9372,-12.0
6978,0.5
4582,0.0
4522,4.5
10385,-29.5
9354,18.5
5733,-10.5
8109,-11.0
1734,11.0
4072,-8.0
7773,4.0
6424,4.0
5872,-1.0
6874,0.0
3940,-15.0
4619,-19.5
624,-11.0
8512,-37.0
4814,-18.0
8806,-6.0
133,6.0
5502,-10.0
9868,1.0
6572,6.5
7257,-6.5
3571,-17.0
2603,11.0
8164,2.0
7701,-3.0
918,-3.0
1005,-19.0
9726,-16.5
1743,1.0
2872,-3.0
2684,10.0
1030,-0.5
9612,2.5
9355,-10.0
5109,3.0
2367,-13.5
4176,-3.0
4375,-17.5
57,-20.0
3387,9.0
7293,-4.0
3677,11.0
7241,-12.0
7893,9.0
9370,-17.0
10667,-0.5
4361,0.5
7738,20.0
5065,-12.5
9798,-10.5
8062,-2.0
850,-2.5
2141,-20.5
2054,12.5
5706,6.5
6807,-16.5
8138,20.0
7898,4.0
9405,4.0
6981,31.5
3262,23.0
10610,-5.5
68,-24.0
8480,40.0
9042,4.5
8636,-2.0
5213,-17.5
2738,-2.5
10257,13.0
2718,-3.0
1665,-28.5
5177,-4.5
274,-16.0
402,-14.0
1353,1.0
10009,-1.5
2460,0.0
3389,-0.5
10473,-2.5
4698,-14.5
8045,9.5
2557,7.0
4336,22.5
8224,18.0
1595,0.0
8531,16.0
1691,23.5
7268,-18.0
9489,0.0
4253,-6.0
9158,-3.0
6294,5.5
6355,3.0
6055,-20.0
7428,27.0
3160,0.0
6497,-9.0
3268,2.0
2062,-6.5
3583,5.0
1071,-15.0
9449,-11.5
7334,11.5
3013,-9.5
5559,-10.0
3061,12.0
4791,1.5
6124,-4.0
6687,11.5
8992,-8.0
2579,3.5
7683,-5.5
10626,19.5
3497,-13.0
7212,-14.5
10565,-2.5
8134,-14.5
6490,-21.5
8530,18.0
2291,11.0
5620,-4.5
618,-12.0
6484,-15.0
3098,-6.0
1485,23.0
1826,-17.5
1337,12.0
4581,-13.5
3634,-6.0
3164,11.0
2742,-10.0
9580,-12.5
6762,1.5
5875,-8.0
8256,7.0
3114,20.5
6086,-10.0
8057,-8.0
10664,3.5
7786,18.0
9254,1.0
8056,9.5
5781,25.5
5650,-1.5
4671,-2.5
216,-10.0
4713,12.5
9793,-0.5
2837,1.5
4110,-2.5
465,-30.0
10421,-4.0
9256,-18.5
2347,20.5
3151,-4.0
7932,23.0
2416,-10.0
7477,-4.5
1429,-8.0
7039,-0.5
2428,9.5
6187,-0.5
1063,6.5
4388,-22.5
4456,-17.0
6341,8.5
7177,3.0
2351,20.0
3360,7.5
6139,18.5
10133,-1.5
10249,-0.5
796,-11.0
3170,-0.5
5032,1.0
8182,3.5
4586,0.5
7311,-0.5
10064,-28.0
1913,-6.5
1232,13.5
5513,20.5
3542,-29.5
1365,-2.5
3569,13.5
9036,1.0
6448,7.0
9817,1.0
7582,7.0
9825,10.0
8556,12.0
10306,8.5
5,-11.0
4967,22.0
6230,-4.0
7035,12.5
3595,20.0
6488,5.0
7601,-24.5
5063,-14.5
2296,-10.0
1266,17.5
4410,18.0
2519,4.5
3704,13.5
2494,-6.5
9037,-27.0
8785,1.5
9186,-2.0
8776,-0.5
1089,-6.0
6047,6.5
9853,-10.5
6201,-17.0
10188,-5.5
9592,1.0
7187,-4.0
192,-3.0
4889,3.5
1383,-15.5
7484,-10.5
10622,-8.0
798,-2.0
9722,-5.0
6684,0.0
8104,-11.0
10286,-2.0
1829,9.5
1693,-17.0
1251,18.5
5183,-26.0
5834,-1.5
7606,-13.5
6191,1.0
6253,-4.0
8435,2.5
6064,-6.5
9597,10.0
5751,0.0
2922,4.5
8397,2.5
8047,3.5
6636,-3.0
6816,9.0
10037,-11.5
1589,-9.5
8956,-1.5
949,13.5
3470,-9.5
4286,9.5
3021,5.5
7426,-3.0
6463,12.0
5405,6.5
3235,1.0
9084,0.5
1354,16.5
6202,-6.0
8126,-5.5
4240,-5.5
4243,2.0
6561,17.0
5891,-20.5
10609,-9.0
7728,6.5
2970,25.5
9184,-14.5
7460,-2.0
10655,13.5
5541,-21.5
9147,5.5
10352,9.5
6499,-6.5
10094,10.0
7995,7.5
3852,7.5
5645,-14.5
6560,-6.5
1898,0.0
5284,14.0
5410,13.5
7315,-8.5
3171,3.0
5462,2.5
1010,-1.0
6673,21.0
9343,15.0
9796,11.0
4226,-7.5
5371,-8.0
5388,2.5
666,1.0
4615,4.5
6670,-24.5
6630,-7.0
3875,5.0
3274,0.0
1328,1.0
7685,6.5
8936,-34.5
7182,-25.5
132,0.0
3028,-9.5
4759,1.0
7496,-12.5
8044,-7.0
1131,-3.0
7476,2.0
6119,-17.0
4768,1.5
3768,11.5
8230,-5.0
8439,15.5
2078,2.5
9619,-11.5
5578,-3.0
294,24.0
5785,6.0
8692,12.5
1449,-10.5
6658,4.5
4350,-7.5
6915,-12.0
395,-6.0
743,-12.0
8800,1.5
10114,9.5
3651,-5.5
2743,-11.0
863,21.5
9202,4.0
8322,-12.5
2409,10.0
10131,-1.0
9572,-1.0
9235,3.5
3407,4.0
8334,1.5
10401,-3.0
6667,-4.0
2526,31.0
1678,20.0
3647,-18.0
7761,12.0
5390,-13.0
1210,-5.0
8207,-6.0
3785,11.0
2265,10.5
6494,11.0
20,-3.0
2203,6.5
4549,7.5
6952,5.5
257,4.0
9110,-8.5
7811,-31.5
8124,-10.0
966,-10.0
6651,18.0
2830,-13.0
3257,7.5
9052,3.5
2271,0.0
8156,-10.5
8882,3.0
3258,18.0
5587,15.0
52,-9.0
2706,4.5
2634,-0.5
883,-7.5
1990,16.5
8809,19.0
1818,-13.0
2829,17.0
3406,-1.5
8058,-7.0
6884,10.5
3140,-2.0
5806,-32.0
3388,8.5
4274,-5.0
472,6.5
8872,8.5
10443,-13.0
6185,7.0
331,1.0
3341,-0.5
856,-8.0
6109,4.0
4575,-11.5
4876,6.0
5145,-15.0
6703,-26.0
3505,3.0
5014,13.5
1064,6.5
10135,15.0
4656,-23.5
6995,-11.0
10326,1.0
6219,-17.0
9543,12.5
365,6.0
468,-10.0
2305,-10.0
10481,5.5
8832,5.0
1758,-16.5
5636,-8.5
991,-3.0
4723,1.0
516,8.5
3731,-4.0
4687,0.5
10367,5.5
3864,-4.0
7720,-3.0
405,11.0
4659,3.5
6464,6.0
5839,-1.0
8513,15.5
8120,-12.5
10340,-14.0
4196,-7.0
10327,2.0
6257,-3.5
3938,-11.0
5978,2.5
85,-16.0
4706,-3.0
7986,6.5
1729,9.5
5649,-7.5
4218,-13.0
7328,0.0
8115,22.5
5894,-14.0
10155,1.5
2812,-1.0
4112,-17.5
8575,5.5
6375,14.5
8983,14.0
7614,15.0
5599,2.0
5383,-20.5
5677,-2.5
340,-5.0
3951,1.5
9398,-9.5
7175,10.5
346,-5.0
3399,-6.5
6786,-10.5
672,19.0
1303,-1.0
9511,-3.5
9007,14.0
8051,6.0
5443,15.5
6707,-10.5
10090,-18.0
4683,-20.0
8759,-20.0
6156,14.0
1076,26.0
8995,2.0
10571,-3.5
1939,-17.5
7342,-5.0
8316,-5.5
6739,-5.5
8850,-10.5
1126,0.5
1329,26.5
8008,23.0
7101,-12.0
9112,-10.0
7680,-2.5
8964,-0.5
8259,-0.5
2114,1.5
6465,-16.5
4421,7.5
8654,-9.0
7409,-9.0
55,22.0
1461,-2.0
9003,-10.5
5724,33.0
5166,0.0
642,20.5
8913,-7.0
3981,-17.0
4363,1.0
2870,8.0
8394,25.0
7445,0.0
6402,1.0
6593,-16.0
6693,12.5
437,-13.0
5589,14.0
3806,-8.0
9290,-3.5
4834,-16.5
7541,13.0
3049,1.0
944,15.5
1989,-7.5
7686,-3.5
10275,-7.5
2624,14.0
5964,-10.5
44,-3.0
5756,20.5
4840,-8.0
6344,-13.0
2839,-19.0
5784,4.0
5301,-19.5
6732,-15.5
10518,-19.5
7609,-0.5
6138,13.5
1084,7.0
8333,-11.5
5962,23.0
7998,0.0
6788,-21.0
5332,-9.5
3668,4.0
2575,11.0
4696,0.0
6306,0.0
3177,-16.0
1983,9.5
727,-10.5
9666,10.5
6582,-8.0
4076,-5.0
290,-6.0
7142,32.0
9065,6.5
7288,-9.5
9432,3.0
254,-26.0
5758,-7.5
2441,1.0
4032,-17.5
6388,11.5
3409,0.0
920,-20.0
596,2.0
4069,-19.0
1559,-14.0
3309,-9.5
10264,21.5
3671,-25.5
6010,8.0
1252,-4.0
6052,7.0
10590,-0.5
8938,2.0
10304,-12.0
11,3.0
9161,4.5
3283,-4.5
9420,37.0
3120,-12.0
4358,7.5
4823,5.5
1580,-4.5
540,14.0
3196,21.0
7090,-13.5
5310,-3.0
6178,-15.5
1550,-4.5
1355,29.0
4597,-15.0
10450,4.0
2092,5.0
2621,-1.5
9700,6.5
7467,3.5
3273,1.5
4578,-24.5
4634,0.5
6982,-12.5
351,-5.0
5327,21.0
1516,-6.0
888,4.5
6834,-7.5
4684,-3.0
1937,-4.0
1801,23.0
5280,-4.5
9379,-1.5
2391,-5.5
9269,-0.5
7289,-8.5
5823,22.0
7821,24.0
7778,3.5
6478,14.5
10560,16.0
2967,-10.0
3836,1.0
1756,23.5
8196,13.5
8635,0.0
3179,6.5
6862,3.0
6303,-24.5
3400,-21.0
9610,6.5
10290,0.5
8419,-2.0
9146,-4.5
4870,7.0
10399,10.5
144,3.0
2470,-3.0
9506,0.5
7154,-7.5
623,-19.0
8876,6.5
4572,-7.0
8447,12.0
3977,4.0
6983,-6.0
6918,-9.0
8432,-22.0
6859,-10.5
5931,14.5
10631,13.5
8416,0.0
4850,-9.5
8813,33.0
299,5.0
2725,5.0
4577,5.0
3456,-5.5
3312,10.0
1250,0.5
1797,-31.0
9832,-11.0
10598,-20.0
8554,-7.0
10054,0.0
560,5.0
771,-2.5
5850,11.5
7795,-3.0
2029,26.0
9359,20.0
7067,-3.0
5736,4.0
6002,-5.0
6305,-9.5
7031,-13.0
7611,8.5
7029,9.5
9809,-2.0
4204,-7.0
6023,15.0
1761,-12.0
9376,2.0
889,11.0
9803,6.5
3516,13.5
1013,9.0
4468,10.0
10253,-10.0
1237,-3.0
10277,-13.0
3413,-8.5
10166,5.5
7776,-4.5
10585,29.5
3012,2.0
1705,1.0
5368,20.0
2961,9.5
8919,14.0
7229,15.0
1393,2.0
9054,-0.5
100,-1.0
4154,21.5
291,-21.0
4595,-1.5
9361,13.5
2946,-0.5
8968,-20.5
5174,-2.0
2520,8.5
8817,-11.0
7204,-23.5
5185,-13.0
1539,-5.0
8340,8.0
10504,20.0
4882,-6.0
3735,-15.5
5537,-3.5
6295,-3.5
10019,-6.0
4269,-4.0
709,17.0
10607,0.0
1305,-19.0
1334,11.5
2679,-7.0
10204,-4.0
4312,-5.5
6674,5.0
5153,-4.0
7859,-0.5
10297,-7.0
8884,-2.0
115,10.0
7395,6.5
866,-17.0
5571,14.5
7621,2.0
6453,15.0
1406,-0.5
7399,11.0
2595,4.0
6060,2.5
6689,17.5
1227,-4.0
4945,17.5
6067,-6.5
10616,16.0
2923,-3.0
10412,-15.0
4880,21.5
5632,-20.5
969,-6.0
8318,15.0
1835,5.5
315,5.0
9967,2.0
1399,-6.5
4165,-18.0
9263,-1.0
8087,13.5
1035,-14.0
1045,-19.5
486,5.5
5722,4.0
6177,46.0
5442,2.0
7849,-11.0
1243,-9.0
9060,-6.5
10439,-21.0
5055,16.5
4135,16.0
1152,-26.0
234,18.0
8804,7.5
5996,-15.0
3126,-37.5
6179,0.0
2613,2.0
1974,-2.0
3876,-11.0
1503,2.0
6264,29.0
10499,-6.0
8226,18.0
10572,16.0
3150,7.5
8799,-23.0
3563,1.0
6971,21.5
3103,4.0
2619,0.0
7546,-2.0
7192,-12.5
9393,-16.5
3600,0.5
9544,-13.5
2780,8.0
3733,-20.0
6269,-6.5
10006,0.0
2002,4.0
4649,8.0
3995,-2.0
482,15.0
8197,-12.0
2250,-1.0
3971,17.5
9988,3.0
8604,-7.5
3045,-7.5
4941,4.5
9445,-10.5
5317,17.5
1671,-13.5
9320,14.0
6321,10.0
1269,10.0
1016,6.0
3161,1.5
1304,-18.0
10380,-12.5
8003,-1.0
8639,4.5
6485,4.5
4924,-17.5
4187,9.0
4711,11.0
5406,10.0
4402,5.0
2289,-25.0
6842,21.0
3191,2.0
2687,-23.5
5574,-21.0
6232,-5.0
8297,15.5
5000,19.0
6265,10.0
8769,5.5
2761,10.0
6543,-27.0
9267,-33.0
9913,-6.0
7078,-10.0
6881,7.5
1800,-3.0
2729,29.5
396,7.0
3743,18.0
10183,10.5
1288,27.0
8066,5.0
5451,-2.0
6623,2.0
8624,3.5
875,4.0
283,9.0
4096,-6.5
579,1.0
9008,14.5
1875,7.5
8588,-3.0
3450,8.5
3111,-27.0
338,-14.0
1573,-6.0
10343,4.5
8821,15.0
508,8.5
2635,-4.0
5267,-6.0
3275,17.0
8127,-4.5
3501,-5.0
7765,-6.5
1080,-7.5
7104,9.5
5103,4.0
5195,-2.0
5924,6.5
2689,25.0
146,13.0
5431,-37.5
9183,-6.0
3586,10.0
7941,-10.5
3688,-10.0
1578,1.5
7438,10.5
2143,-2.5
9508,2.5
9038,3.5
6655,8.0
6472,3.5
1704,-4.0
3220,-8.0
3509,-2.0
2664,-3.5
1127,-3.0
3489,20.5
9989,-15.0
1594,18.5
6539,8.0
2001,-9.0
7560,7.5
515,5.0
2670,28.0
1425,0.0
4443,-23.5
7223,-12.5
7827,6.0
7555,9.0
8184,-9.0
8099,-2.5
9736,0.0
5818,-15.0
9878,-4.0
3358,8.0
8680,4.5
3401,-4.0
10226,4.5
9685,-0.5
2836,5.5
544,22.0
7422,21.0
6700,-21.5
4845,4.0
9986,0.0
8274,-10.5
1351,6.5
5843,0.0
8101,3.5
9224,1.0
3020,-13.0
3479,-7.5
1203,-6.5
135,-8.0
1712,-15.0
4593,-13.5
10209,0.0
3500,5.0
10190,-4.0
1592,13.5
1466,12.5
9788,11.0
2120,-3.0
5815,-28.5
5430,-1.0
9794,-1.5
903,-6.0
4026,22.0
4873,0.5
1486,24.0
7251,-17.5
8299,5.5
1508,-13.0
2855,-20.5
10514,4.0
7951,22.0
3492,-25.0
8298,20.5
10614,32.0
1878,5.5
4877,-16.5
4340,2.0
2984,-11.5
3459,-5.0
2722,1.5
6092,-4.5
8994,2.5
3751,-15.5
3848,-6.0
9154,11.0
2253,-2.5
979,21.5
1157,-3.5
9627,16.5
10007,-12.0
7280,-1.0
5036,-10.0
215,-7.0
9010,6.0
10411,-2.5
3637,2.0
7352,1.0
8415,-6.0
4315,6.0
8801,15.0
1507,-9.5
8603,-10.5
2596,-17.0
7163,19.5
10397,-28.0
2671,2.5
2525,-9.5
7028,-8.5
7338,3.5
123,-21.0
4199,13.5
9209,1.5
6175,-5.0
921,13.0
9305,20.0
9615,-7.5
10220,-10.0
6145,-6.5
7197,-5.0
10076,-16.0
9762,11.0
8750,-17.0
271,-11.0
9911,-0.5
4092,0.0
5535,6.0
1922,44.0
2424,2.5
6686,30.0
5101,-11.0
3425,0.0
2318,6.0
9424,-2.0
5498,6.0
5120,0.0
1948,2.0
6279,-19.0
9473,-5.0
439,3.0
109,13.0
3527,4.5
5569,6.5
6752,30.5
840,-11.5
4751,-14.5
9493,21.0
5792,3.0
8847,-15.5
8563,-19.0
3629,13.0
5607,-10.5
4905,-5.0
8918,-7.0
344,-1.0
1087,-1.0
6504,8.5
8401,-0.5
1794,8.0
10420,5.5
6867,-3.5
3197,27.0
9301,4.0
1141,9.0
9344,-17.5
2818,12.5
10438,4.0
2189,-10.0
8022,7.0
6888,7.0
1736,22.0
564,6.0
1432,-23.5
179,0.0
494,13.0
9340,11.0
4859,9.0
8601,-27.5
3236,-14.0
2617,4.5
6974,-7.0
6893,-1.5
3749,-8.0
9440,-28.5
2758,7.0
5200,10.5
5296,-0.5
3643,11.0
3747,-6.0
7120,-24.5
4067,-7.0
2288,-3.5
9862,-4.5
10177,9.0
6407,4.0
2046,4.5
10647,11.0
8195,1.5
8418,-5.5
4536,20.0
3267,24.0
2921,-33.5
8118,-7.5
2380,-5.0
1754,-11.5
9994,9.0
3765,-13.0
4444,-4.0
1101,-17.5
260,-2.0
6020,17.0
7296,13.0
6243,-4.0
9471,13.0
3739,4.5
9082,-15.5
678,-21.0
3518,7.0
3317,0.0
2156,20.5
8388,10.5
4052,-3.5
6939,8.0
188,7.0
2646,7.5
6547,9.5
3853,-6.0
6429,6.0
7783,20.5
7675,3.5
10449,1.0
5108,-3.0
2133,-7.0
6412,-13.5
7873,-6.0
6348,0.0
2752,19.5
6935,-2.0
584,-27.0
5588,35.5
2036,2.0
7759,-1.5
744,-16.0
1757,-8.0
2185,-6.5
7961,-6.5
3819,5.5
2363,-1.5
6118,28.5
8502,3.5
496,21.0
6932,-20.0
5664,-25.0
5168,2.0
7434,-12.5
9529,14.5
3639,-1.0
6309,-0.5
9035,6.0
9971,4.5
10498,0.5
9168,10.5
1049,-3.0
451,17.0
8482,-16.0
6130,0.0
1143,-13.5
9774,-11.5
3478,-13.0
3918,10.0
1889,1.5
8608,5.0
10447,11.0
8123,7.0
3276,6.0
10187,-33.5
9746,6.0
7777,10.0
10208,-3.0
7403,5.0
7226,14.5
4448,1.0
9740,1.0
8093,10.5
4377,-16.0
3718,6.0
10273,11.5
7525,1.5
6181,-11.0
9655,20.5
8059,-1.0
1142,29.5
2467,-15.0
9165,-7.0
654,-7.0
3067,-0.5
5811,-10.0
4278,-4.0
3987,17.0
217,-21.0
10233,10.5
9501,10.0
95,-7.0
3573,5.5
2601,0.5
9980,1.0
748,13.0
3531,-9.5
5897,-2.5
1536,8.0
9421,17.5
4694,1.5
2981,9.5
3506,15.5
3728,-11.0
9400,10.0
7157,4.0
6385,-11.5
4692,0.0
8430,-1.0
9249,6.5
3119,-13.0
2865,-37.0
4500,10.0
5020,6.0
6266,-19.0
1435,-12.5
5563,-1.5
1256,-0.5
2458,3.0
3672,1.5
9767,7.0
3092,18.5
1380,14.0
7026,6.0
7162,36.0
4230,21.0
8973,-18.5
7152,-10.0
71,5.0
705,6.5
2974,6.5
3080,-4.0
7702,15.0
2550,12.5
9744,2.5
498,-20.0
9787,-21.0
9640,0.5
10563,3.5
2431,-3.0
1315,-3.5
3081,4.0
8674,11.5
25,17.0
3658,7.5
2902,9.0
10530,-6.0
3975,6.0
9409,-5.5
912,13.5
7979,-11.0
10656,25.5
5246,5.5
7481,-16.5
3339,-30.5
8320,3.0
10381,-8.0
5466,5.0
6929,-18.0
2669,5.5
2496,12.0
8976,-14.0
1683,9.5
1593,-1.0
4405,1.0
4785,-3.5
3587,-1.5
3438,-2.0
8659,17.0
9023,18.0
4214,-12.0
2041,-4.0
1629,-6.0
3926,8.5
9652,11.0
3192,-4.0
842,8.0
10371,-4.0
1207,14.0
4004,7.5
10588,2.5
7848,32.5
99,-2.0
907,-10.0
7718,3.5
7876,-4.0
4129,-12.5
4119,-8.5
4557,-31.5
4143,3.0
4763,30.0
1670,8.0
1786,-1.5
5447,-31.5
2498,-12.0
10601,5.0
10097,0.5
3,7.0
1612,8.5
4533,6.0
4966,-18.0
9129,0.0
2791,-4.0
9777,7.0
6423,14.5
5755,-10.5
9464,-5.5
5426,-4.0
4842,-15.5
2835,15.0
241,10.0
4625,25.0
5871,-3.0
3928,2.5
2612,8.0
3933,-6.5
6285,11.0
10396,-11.5
129,21.0
1677,-8.5
3856,2.0
6702,15.5
914,8.0
9109,10.5
8991,-8.0
2277,18.0
910,-6.0
7634,-1.0
8356,13.0
7292,14.0
9846,-6.0
2661,20.5
1060,9.0
5243,-7.0
3511,-6.5
1192,13.0
362,-5.0
5398,26.0
5135,-4.0
9533,-0.5
4089,18.5
788,3.0
10363,-1.5
7668,-19.0
9896,-10.5
8764,-3.0
543,24.5
175,-13.0
8040,-4.0
4847,-11.0
3946,15.5
2627,-5.0
3473,2.5
3598,9.5
4981,-30.5
5293,3.5
9121,-0.5
2785,9.5
3378,5.0
9451,3.5
4453,11.5
2485,-0.5
7554,4.5
4071,-2.0
9947,12.5
3752,-6.5
1441,12.5
5714,6.0
8678,-12.0
1977,-6.5
9747,-6.0
2471,-8.0
10468,-26.0
1067,10.0
8768,-21.0
3079,-19.0
1120,-11.0
3222,-11.0
7612,-6.5
3912,7.0
2281,-3.5
3703,-0.5
6523,8.5
9027,-14.0
1702,7.5
4018,-2.5
6920,27.0
258,-19.0
8705,-9.5
105,3.0
3869,15.0
10312,2.0
3588,7.5
3998,2.0
6027,15.0
8011,-32.0
8291,0.0
9535,-34.0
1270,3.0
8450,0.0
8373,11.5
1150,-17.0
9821,-5.0
1607,-11.0
2711,3.5
8498,3.5
4183,24.0
4640,-14.5
3849,-0.5
6615,-23.0
3545,-1.0
2451,-3.5
6758,-3.0
1919,-4.0
3202,-9.5
4369,4.0
8975,-7.0
3705,-13.0
5799,-10.0
6833,4.5
2022,-2.0
7469,20.0
1641,12.5
4702,17.0
1954,0.5
446,-10.0
8225,6.0
342,0.0
8217,27.0
1760,-0.5
5922,-31.0
6211,5.5
2083,21.0
2888,11.0
8103,5.0
3346,0.5
789,2.0
9368,45.0
4108,-22.0
1696,13.0
1356,-19.0
10255,4.0
7780,-9.5
3357,-15.5
10068,-17.0
8113,-18.0
3969,-22.0
9274,-17.0
7576,-22.0
3682,-8.5
1543,0.0
3377,-11.0
992,8.0
4167,9.5
8590,5.0
4093,11.0
8658,-6.5
8599,26.0
7857,25.0
5718,10.0
5379,-1.0
631,6.0
5467,11.0
2559,24.0
7535,3.5
6220,33.0
5980,10.5
2427,15.5
2653,2.5
9966,34.0
2448,-11.0
2087,22.5
10335,-7.5
2789,-1.0
4122,20.5
2677,11.0
226,-4.0
7711,3.0
1253,0.0
2724,-0.5
7696,29.5
3324,29.0
5531,-9.0
5033,-1.5
990,7.0
7504,19.0
8910,-12.0
782,16.0
240,4.0
8212,-1.0
10515,-8.5
9244,31.0
5158,-10.5
6727,9.5
5302,-17.0
2808,0.0
5161,15.5
2234,4.0
6475,8.0
7159,-6.0
2079,31.5
3019,21.5
6619,-21.5
2246,16.5
4384,-8.5
6176,16.0
8306,-5.5
7838,-1.0
4717,8.0
6677,-4.0
1367,2.0
9004,-1.0
9270,-18.0
3085,16.5
9607,-9.5
2230,-3.5
4463,-5.0
8566,16.5
720,7.0
7073,16.0
1620,13.0
2064,4.5
5577,30.0
8682,1.0
1468,10.5
9016,-17.0
8743,31.5
3130,2.5
1837,10.0
5211,-4.0
6949,7.0
8715,19.0
8693,-7.5
9024,-1.5
5624,14.0
1453,-9.0
5923,8.5
7994,-9.0
2014,8.5
6058,2.0
8534,-6.0
3690,-6.0
10280,4.0
9399,16.0
10539,-13.5
6018,21.0
1664,14.0
9873,-25.0
5420,-5.5
3828,-5.0
5952,-2.5
8891,21.5
2798,-26.0
2905,6.0
6558,-28.0
8214,-13.0
7074,27.0
5782,-5.5
6803,14.0
3673,2.5
10592,-3.0
758,-21.5
4049,-12.0
8671,23.0
10096,23.5
9422,-10.0
5576,0.0
8077,-7.5
7864,-4.5
2772,7.0
1489,21.5
6657,0.0
5156,-7.5
1121,-8.0
9882,-2.0
10073,-4.0
5048,-19.0
5367,-15.0
9364,-14.0
1637,-10.0
3860,-11.5
8576,-2.0
5196,0.0
415,-4.0
3241,-14.0
5473,4.5
1021,7.0
924,-5.5
6322,-16.5
228,-16.0
9840,-7.5
2138,5.5
5908,3.0
5391,-2.0
10153,17.5
9339,-9.0
5809,-20.5
10247,6.5
10617,5.0
2453,-10.0
572,-4.0
819,4.5
1950,5.0
1241,17.5
8846,0.0
8711,-7.5
6831,7.0
10018,34.0
8148,2.5
7748,3.0
10379,-3.0
6278,-1.0
1306,7.5
7370,17.0
8641,4.0
10313,-13.5
9634,13.5
6221,3.0
8772,12.5
9487,-11.0
4194,11.0
9484,-3.0
10342,1.5
7418,-29.0
4720,4.0
4620,16.0
5235,6.0
5666,-20.0
3810,12.0
622,0.0
8508,-12.0
7561,7.5
2565,17.0
7387,-14.5
4753,15.0
608,-25.0
8165,-5.0
2540,20.0
2021,7.0
9437,10.0
7942,29.0
9346,13.0
8477,0.0
513,-16.0
3609,-0.5
8514,6.0
2200,-7.5
9174,-10.5
4730,22.0
9851,-35.5
5504,0.5
2980,-4.5
2478,-10.5
835,0.0
2730,6.5
285,-26.0
1847,-16.0
7095,-25.5
2648,9.0
2142,-0.5
1823,-10.0
2592,-15.0
2003,25.0
7047,-1.5
9712,-9.0
4930,-2.5
7734,-7.0
5464,5.5
2438,10.0
10611,-3.5
9616,7.5
1124,-3.0
6976,-24.0
6910,-15.0
7313,0.0
8920,-10.0
7513,-14.0
7895,-4.5
2570,-2.0
8969,4.0
2651,20.0
7990,17.0
1160,-12.5
1914,-5.5
9795,1.5
6775,-17.0
8438,10.5
8458,-5.0
1109,1.0
1445,13.5
2644,-18.5
1038,-22.5
5205,-10.0
5774,17.5
1474,-0.5
8445,15.0
1007,-9.0
3880,4.0
10001,4.5
141,2.0
4102,-6.0
4898,-15.0
4867,1.0
5143,-4.5
3734,12.0
8220,15.5
1079,-3.0
10035,20.5
4821,-11.0
9875,-11.0
7147,-21.5
5868,-4.5
296,-8.0
3613,-1.5
1709,9.5
3016,-27.0
278,-10.0
8859,0.5
4294,-11.0
8286,16.5
10404,0.0
6548,-6.0
1901,0.5
8237,8.0
7695,-17.0
2986,-10.0
2773,8.5
5066,4.5
6224,-7.0
6966,-2.0
6469,5.5
8792,-31.0
9143,4.0
4883,-20.0
1320,0.0
7502,-5.5
7984,-5.0
2953,11.5
6259,5.0
1970,9.0
858,-7.5
5364,-3.0
4719,9.5
474,11.0
3601,19.5
2990,8.5
7441,-12.0
9032,-0.5
10181,8.0
3484,1.5
6604,-6.5
1219,-6.5
9034,-8.5
6901,17.5
5600,13.0
10206,-3.5
7110,-10.0
2459,0.0
10163,-10.5
6564,10.0
6218,-2.0
5662,-18.5
3422,-5.0
2912,-1.0
5114,-5.5
4779,-1.5
2895,-6.0
1044,-9.0
818,-4.0
10668,1.5
7492,6.0
418,-13.0
724,5.5
7283,-17.5
8585,24.0
4715,5.0
5374,10.5
9089,-5.5
4330,0.0
7153,9.5
3989,10.0
9433,16.0
5661,12.5
10167,-14.5
97,3.0
9242,-8.0
1656,-16.0
4395,-7.5
7258,-1.0
6566,10.5
9197,3.0
3955,-5.5
3799,-9.5
359,4.0
1398,-20.0
10339,12.5
5260,15.5
7019,8.0
7832,-17.0
8771,-2.0
3902,22.0
6653,-17.5
3777,-7.0
8506,14.0
5224,-15.0
7899,21.0
517,17.0
10430,4.0
4306,-6.5
9401,2.0
3498,-7.5
8623,5.5
891,2.5
7847,-4.0
10409,-32.0
6066,11.0
9514,3.0
4065,1.5
392,-10.0
9291,-1.5
1440,24.5
2759,-4.5
3454,-21.5
5915,-7.0
5335,-17.0
8365,8.0
10243,10.0
287,-14.0
3075,14.0
2508,0.0
6779,-0.5
9241,11.0
590,-19.0
1947,20.0
7107,6.5
2426,-40.0
6512,-11.0
2425,0.0
5136,-6.5
5286,17.0
4512,-28.5
1248,16.0
5152,1.5
3059,-7.0
350,1.0
2283,-3.0
1775,2.5
4099,0.0
2721,3.5
7246,1.0
8015,-7.0
9992,9.5
6538,-14.5
9812,-9.0
899,4.0
9644,3.5
1104,-20.5
4438,12.5
9475,-4.0
6771,3.5
10630,-11.5
7023,3.5
7578,15.0
3053,17.5
3352,-1.5
7264,-27.0
9772,9.5
908,-9.5
7088,-26.0
6352,-29.5
7678,16.0
4128,-0.5
7666,-7.0
7394,-10.0
3129,-5.5
5026,-22.0
1096,15.0
8261,-10.5
7169,-14.5
2423,12.5
10143,1.0
7190,21.0
1645,-24.5
9998,-30.0
6695,-16.0
6151,16.5
6024,2.0
2819,32.0
6457,0.5
8155,6.5
5617,-8.0
3657,4.0
9660,2.0
2390,10.5
6345,0.0
8355,35.5
4005,-4.0
1350,10.5
322,-21.0
9778,2.5
8354,11.0
70,12.0
2799,7.0
2577,-1.5
10067,-8.0
1986,-3.5
9813,-13.0
2461,10.5
2273,-5.5
3936,-28.5
10349,1.0
5787,-8.5
6903,-13.0
9782,-12.0
8278,-13.5
9283,-12.0
5604,-21.0
6035,-10.0
3440,-1.5
7322,-10.5
6065,-11.5
8677,-3.5
4560,1.0
9345,0.0
577,-1.0
4355,-20.5
3145,-7.5
3251,-5.0
9987,-7.0
4454,2.5
1416,-12.5
1235,9.5
5766,-3.0
455,5.0
6813,-7.0
2121,-0.5
4836,-14.5
1139,2.5
5932,9.5
1676,-34.0
3494,-3.5
10578,4.5
9963,2.0
6847,-6.0
4908,-0.5
2455,-21.0
4379,1.0
10034,-14.0
8951,2.5
134,1.0
9312,13.5
4203,6.0
10116,-12.0
8745,-2.5
10346,-13.5
10378,7.0
2899,11.5
5988,18.0
5009,22.0
7522,-0.5
3416,-10.5
4411,5.0
2335,-6.0
5518,4.0
9134,-15.0
5928,12.0
4737,-7.0
5949,12.0
3978,-4.5
522,-21.0
5692,6.0
567,-24.5
4837,25.5
5499,-1.5
8027,-4.5
10579,-10.5
7237,25.5
7896,-13.5
7375,20.0
4973,4.0
3496,12.5
5389,-22.5
4460,11.0
2149,4.0
10361,1.0
7337,-6.5
8619,5.0
1302,-5.0
3205,-12.0
3701,-1.5
2683,1.5
6705,-13.5
9831,-8.5
6618,3.0
5269,-24.0
8379,8.0
1138,-15.5
5813,2.5
2602,-2.5
9517,-9.0
9494,-11.0
9527,-10.5
5700,-8.5
7358,-1.0
9648,6.0
4704,-11.0
4105,1.0
2168,0.0
10532,20.0
993,-17.0
5016,2.5
10274,9.5
349,-34.0
3431,4.0
3956,0.5
3676,4.5
3519,4.0
5417,12.5
2649,-2.5
173,-8.0
2911,-16.5
5858,-13.0
9298,-4.5
7536,-9.5
7913,30.0
8053,32.0
4311,9.5
8795,19.5
5024,22.0
1272,35.5
4030,2.0
5160,1.0
1032,-4.0
6313,8.0
4585,6.0
9383,1.5
1930,3.5
2071,-8.0
6661,-3.0
2111,-4.0
8595,-1.5
8734,0.0
7136,-14.5
9699,-10.5
3277,1.0
6864,27.5
3439,3.0
4012,0.5
6584,-8.5
3070,-17.0
5746,-6.0
10328,13.5
876,-10.0
1221,9.5
10098,0.0
10660,9.0
1368,-14.5
10252,0.0
8466,18.0
4653,-11.5
6160,-17.0
5497,9.0
4735,9.5
8777,31.0
4743,-3.5
3935,-4.5
8565,3.0
2826,1.0
4104,-1.0
5618,-2.0
7580,21.0
8987,-5.0
7429,2.0
4044,0.0
8873,-10.0
3279,2.0
9362,-3.5
4738,14.5
4714,-5.0
8371,-2.0
932,-12.0
5085,42.5
1180,0.0
4094,7.0
2361,4.5
6760,0.5
2950,-3.5
3895,-1.0
140,4.0
4971,0.0
2871,-20.0
4296,-3.5
4540,2.0
6740,-1.5
414,-9.0
9550,1.5
2466,-22.0
8756,1.0
444,-8.0
697,-8.5
7977,-5.0
5934,4.0
7166,-17.5
5765,25.0
5983,13.5
2524,0.5
3390,-5.0
7584,-25.5
10279,5.5
10175,0.0
7066,12.0
8000,-13.0
9207,0.5
2272,-14.5
4769,-13.0
5749,7.5
7308,2.5
726,3.5
698,-23.0
8737,4.0
7084,-17.0
2436,-12.5
9979,3.0
8071,-5.5
5134,-4.0
3423,0.0
90,-13.0
9917,-11.5
9589,-13.5
5458,-2.5
7099,3.0
10044,1.5
5339,-17.0
6731,0.5
8042,15.5
2360,15.5
4775,9.0
950,-9.5
300,3.0
3775,-11.0
9468,-9.0
3726,-6.5
4655,-16.0
7570,-4.5
7003,22.5
6481,-6.0
7572,-1.0
7549,-6.0
4101,5.5
1412,-1.5
370,1.0
490,7.0
7721,-1.5
5456,3.5
113,9.0
9461,0.0
9106,-6.0
4728,11.0
9713,-25.5
5047,42.0
6363,-1.5
5314,-3.0
9525,4.5
6694,6.0
7273,-24.5
4824,-18.0
9889,11.0
8117,13.0
1610,4.0
7737,12.0
7624,3.0
6647,3.5
5483,6.5
297,36.0
10241,-8.0
6960,-9.0
3554,18.0
6629,-1.5
167,-1.0
5593,-5.0
193,-18.0
6445,-4.0
6524,0.0
4284,-9.0
10525,-4.5
431,-8.0
2522,0.5
5478,-14.5
2028,-36.0
9818,-1.0
5538,6.0
9976,19.0
9924,-9.5
6036,17.5
1868,13.0
681,5.0
7125,9.0
1764,-7.5
2219,9.0
6738,-4.0
3137,-9.5
7435,16.5
6107,11.0
7766,14.0
9903,3.0
810,8.5
6369,-26.0
7405,-6.0
1700,-10.5
9378,1.0
7018,-13.0
2542,10.5
3458,4.5
2267,12.5
9633,-0.5
1577,20.0
10120,0.0
6273,0.0
10125,3.0
4574,0.5
9144,-19.0
4931,-16.5
7660,-10.5
1026,-32.0
4699,-6.5
9629,-0.5
7676,25.0
5021,-9.5
3556,-7.5
922,-11.0
3979,26.0
4412,-11.5
7794,7.0
3954,-8.0
9107,-17.0
4554,-6.0
255,9.0
8733,-8.0
2487,13.5
7232,-1.5
7791,26.5
4046,0.5
5340,-27.0
8555,1.0
10149,-7.0
9100,3.5
5510,-32.0
3102,-1.0
8582,-5.0
3037,26.5
4716,15.5
5239,-3.0
7256,12.0
6063,1.5
2215,-5.0
3206,-5.5
7604,12.0
9603,13.0
4953,-7.0
250,-1.0
3048,14.0
2815,-2.0
6126,-4.0
1051,-3.0
2343,3.0
6432,-0.5
6231,-0.5
9001,2.5
1603,-11.0
452,27.0
3722,17.0
2314,-4.5
586,8.0
9025,-1.5
8287,4.5
970,8.0
1382,0.5
2216,-3.0
7483,24.0
5844,-7.0
1259,4.0
1360,-5.0
694,-1.5
6025,-5.0
403,7.0
9542,11.5
1011,1.0
3738,-6.0
3429,-2.0
6627,-8.0
6131,-9.0
7025,-26.5
3419,14.5
8429,4.5
2768,-14.5
1638,0.0
8252,5.5
7647,8.0
7330,14.5
1738,-6.0
8728,0.0
3364,-1.5
333,-4.0
1405,0.0
3443,0.5
2763,-26.5
5631,-4.0
8637,-12.5
4926,10.5
5179,-18.0
8323,-2.5
6692,12.0
1581,5.0
4965,18.5
6141,14.0
3648,-12.0
7494,-18.0
3529,14.5
10395,39.0
9476,2.5
4497,-0.5
7745,2.5
4998,-3.0
2394,-23.0
9611,-18.0
10372,-13.0
7431,2.0
9848,-10.0
2734,-10.5
8005,12.5
10172,-2.5
10250,-17.0
9584,5.5
6,-1.0
10100,-20.0
2307,-5.0
2746,-3.0
467,3.0
9231,-6.5
2113,2.5
9625,-2.5
9214,0.5
36,-15.0
9743,-4.0
6632,-20.0
4724,-10.0
9011,-7.5
8451,18.5
3840,10.5
790,29.0
3543,-15.0
8163,12.0
9033,20.0
2632,0.0
249,2.0
7317,6.5
3435,7.0
4780,1.0
8241,-1.0
9259,-4.0
3366,4.5
3038,15.0
6320,7.0
7837,-6.5
5738,0.0
8014,10.0
1077,-16.0
5356,3.0
7860,0.0
7862,2.5
7218,6.0
6607,1.0
9752,3.5
6574,-11.0
8812,8.0
2813,-13.0
4994,7.5
2841,10.0
1036,-1.0
691,-14.5
7568,31.0
9182,-6.0
2348,-9.0
6271,-17.0
488,3.0
10624,6.0
896,24.5
4279,-11.5
7046,-5.5
4907,-7.5
4483,-8.0
3467,-19.0
1481,11.0
6069,-17.0
1814,27.5
10078,2.5
3286,-1.0
1601,-1.0
8234,7.0
9382,-7.0
4563,14.5
2931,4.0
2421,-24.5
7933,22.5
7051,-6.5
10071,18.5
4446,-7.0
2180,6.5
5625,-11.5
9727,30.5
4979,-2.0
7852,-23.5
8517,-7.5
7682,17.0
8221,3.0
8273,5.0
10605,-1.0
754,9.0
6787,15.0
10580,-1.5
752,-5.5
9923,-10.0
1681,-12.5
6591,-10.5
4977,-10.0
9563,3.0
4997,25.0
6090,1.0
3617,4.5
6608,12.5
823,4.0
6977,-8.0
7894,17.0
9326,-12.0
3769,24.0
397,-7.0
3681,-15.5
10351,5.0
3229,-8.0
3646,7.0
5955,-2.0
10345,23.0
3472,-15.0
7305,19.5
1194,4.0
6374,-20.5
5726,1.0
10553,27.5
6559,-14.0
10403,22.5
8720,-7.5
7373,-3.0
3393,4.0
479,8.0
6997,-15.5
5994,-6.0
714,-5.0
1471,-12.0
10139,2.5
2214,6.5
4197,11.5
6087,-20.0
6745,-6.0
6242,17.5
7741,19.0
5648,-0.5
9331,6.5
1174,14.5
9847,-8.0
1086,11.5
3259,-20.5
8167,-4.5
4645,-25.5
3190,-12.0
4902,-2.5
8128,-4.0
10083,10.0
2954,-10.0
6796,-11.5
4799,-2.0
7740,0.0
8617,-4.0
3659,-10.5
977,-1.5
9916,-16.5
1934,21.5
5212,2.0
8461,1.5
4875,-1.5
9237,24.5
6267,1.0
8676,4.0
1202,-24.0
6356,-2.0
5441,-6.0
9081,-18.5
3903,-3.5
834,-19.0
9643,-0.5
8629,-23.0
8844,-1.0
732,11.5
9956,-19.0
9208,-1.0
3528,-5.5
8890,4.0
23,-10.0
10203,2.5
7033,6.5
8470,-35.5
4622,-6.0
174,-7.0
7619,-1.5
1073,7.5
3636,13.0
3984,3.5
1443,-4.0
1451,-3.0
10535,-33.0
4600,12.5
7770,-5.5
4783,-6.5
7959,3.0
8170,4.0
901,-34.5
9852,11.0
3557,-6.0
10632,22.5
8235,3.0
9492,-8.0
2465,8.0
4299,0.5
8409,26.0
943,3.0
1972,16.0
8357,-2.0
976,20.5
2377,8.0
6288,5.0
2973,4.0
4675,5.5
5133,6.5
725,-1.5
3486,-14.0
1931,0.0
8683,8.0
1023,15.5
1238,-17.0
7339,24.5
142,-11.0
4436,11.0
611,20.0
8596,-15.0
2463,10.5
5238,-1.0
2049,-6.0
7211,17.5
1091,-2.0
8437,22.0
7966,17.0
7002,-19.5
9006,24.0
7377,-6.0
1591,-14.5
2089,7.0
8941,28.0
1842,6.5
3805,21.5
9943,-15.0
6569,12.5
2275,10.0
933,13.0
3544,13.0
5209,-21.0
5138,4.0
10369,4.0
5628,28.0
8094,-31.0
5494,-2.5
10194,-15.0
5941,-22.0
5880,-10.5
4524,0.0
8181,-17.5
7825,24.0
5077,-21.5
5254,-9.0
4082,6.5
6037,13.0
1448,-9.5
8999,15.0
4790,0.0
7743,5.0
10653,10.5
760,1.0
10036,16.0
2164,-9.5
2564,5.5
7056,-10.5
8893,38.0
1459,-11.5
5144,-1.5
4125,3.5
5006,7.5
5418,16.0
1082,-2.5
191,-16.0
1714,3.5
4700,-18.0
9439,13.0
4888,-2.0
5126,2.5
1012,12.0
1768,22.0
734,-14.0
7754,-11.5
8782,14.0
4935,-8.0
5878,-12.5
3427,8.5
10118,3.5
4100,-6.0
9105,-4.5
3200,-3.5
9338,-9.5
2900,8.0
9765,8.0
7184,-9.5
2995,24.5
8583,6.0
10117,25.0
4389,3.5
1118,-21.0
3924,17.0
4314,7.0
2228,-4.0
5975,-10.5
5037,10.0
6338,6.5
7955,3.0
9773,15.5
10219,8.0
8669,-2.0
9441,21.0
4917,25.0
3199,-11.0
3180,1.0
5603,-25.0
5216,-4.0
5953,17.0
7416,-10.0
4868,4.0
2298,-4.0
6435,9.0
22,45.0
2260,-6.0
5288,-35.5
9292,-31.0
5312,-0.5
8324,0.0
5920,14.0
6078,8.0
8699,-14.0
504,9.0
570,-6.0
180,-9.0
5248,17.5
9730,-6.5
7490,19.0
6989,24.0
7459,11.0
6174,26.5
6281,-2.5
9474,-21.0
390,-10.0
9101,4.0
3169,11.0
6780,-18.5
8914,-19.5
5115,-5.0
5641,21.0
2906,-2.0
5564,9.0
9026,-3.0
7009,28.0
9392,6.5
4616,-7.0
10237,13.0
4764,-10.5
7076,3.5
1807,-14.0
6645,2.0
3122,5.5
4562,-5.0
7908,-4.0
2598,0.5
9602,2.0
2373,5.5
1348,9.0
4138,4.0
1765,16.0
3227,0.0
7112,1.0
521,-24.0
10013,-1.0
9932,-10.5
8487,4.5
435,-13.0
6994,-9.0
4761,12.0
6236,-8.5
2159,13.0
598,-5.0
8886,-11.0
5500,0.0
3326,-10.5
7935,14.0
7450,8.5
4672,15.0
8200,-27.0
971,44.5
4520,15.0
4745,46.0
10032,9.0
6688,0.0
2192,-14.5
230,-3.0
5093,-31.5
5579,-14.0
7727,-6.5
2927,-24.0
4507,-3.0
3818,7.5
2209,-25.0
9577,-10.0
5840,6.5
5585,-15.0
1177,-11.0
4264,-8.5
7625,1.5
7814,15.5
6649,14.0
2090,-6.0
7981,10.0
2936,-12.0
7348,-7.0
7430,0.0
7839,-10.0
8174,-4.5
8944,14.5
9830,-27.0
6909,-5.0
5139,17.0
10555,10.0
7323,-0.5
9311,16.5
1293,-17.5
384,12.0
8709,-2.0
502,1.0
10058,0.0
6696,18.5
2220,26.5
5308,-17.0
2783,16.0
8376,-4.0
5948,-20.0
7231,23.5
3064,20.0
3761,7.0
4050,-20.5
2925,22.0
4276,1.0
3868,-6.0
8673,4.0
7103,18.0
6513,-13.5
7265,-4.0
3689,5.0
6827,27.5
9384,-7.0
2259,-3.5
762,-2.0
9053,-6.5
1108,-19.5
7168,8.5
6324,-16.5
4777,-7.0
9491,-9.0
4326,3.5
10645,1.0
4014,4.5
4639,28.0
3272,-9.0
4885,1.0
8091,-22.0
7186,-21.5
4150,-19.0
2370,-4.5
2251,-5.0
8908,-3.0
8656,-11.0
2516,1.0
7875,0.0
2295,5.0
7185,1.0
7456,0.5
6880,9.0
3592,-29.5
7874,-7.5
7914,-19.0
3243,-8.5
1883,14.0
1426,31.5
160,-15.0
6552,0.0
1014,-6.5
10454,5.0
7058,9.0
2647,22.0
7579,-2.5
4969,-8.5
9754,-1.5
5779,20.5
4020,15.0
1605,-7.0
820,-11.0
7372,31.0
6606,-2.0
8313,6.0
3678,21.5
1167,-5.0
2223,-7.0
7739,10.0
7952,0.5
9442,-8.0
10156,9.5
9342,-10.5
10015,6.0
301,27.0
2323,30.0
7836,-21.5
4542,17.0
9117,2.0
3057,28.5
1113,3.0
8399,-4.0
2996,23.5
4031,-23.5
1371,4.0
9498,-4.5
6575,-7.5
8712,-18.0
2688,-11.0
4665,-10.0
9336,2.5
8765,3.0
1778,0.5
3225,-10.0
8697,14.5
4796,-9.5
6701,-6.0
8360,-5.5
6669,20.5
3533,-3.0
3934,-1.0
4599,-10.0
5291,14.0
5621,15.5
8476,-14.5
10040,10.0
3003,-5.0
1600,6.0
8802,7.0
3771,-20.5
3066,-6.0
10508,-14.5
3314,2.5
4344,4.0
5311,3.0
6282,-6.0
2294,5.0
3138,7.0
4356,-16.5
1065,4.5
6876,24.5
6656,-15.0
10347,-14.5
10110,0.5
319,22.0
8384,-13.0
1407,20.0
1956,-3.5
6736,7.5
10046,-22.0
9159,-0.5
7677,-9.5
2857,-1.0
1661,17.0
8098,1.5
1642,-17.5
897,5.0
9545,5.0
5710,11.0
7014,-1.5
6545,-1.0
495,-3.0
5086,5.0
10307,16.0
2879,3.0
8952,6.0
4566,-10.5
7626,9.0
6996,23.0
6425,4.0
10322,-2.0
3695,6.5
10017,-7.0
10127,-10.5
4365,4.0
2262,27.5
635,-25.0
6238,7.0
6157,14.0
1643,24.0
9579,34.0
1692,-11.0
3068,-5.0
2942,-11.0
3931,7.0
6180,5.5
1727,-1.0
5565,-26.5
4529,4.0
8017,-4.5
2901,3.0
7137,-16.0
2429,-3.0
1769,15.0
8961,-28.5
1366,3.0
4441,-5.5
7390,28.0
3155,-10.5
4495,21.0
4265,31.5
5064,4.0
9709,10.5
7627,-8.5
6858,9.0
2444,2.5
9391,-8.0
947,-5.0
6298,14.0
3128,5.0
9999,-1.0
3403,-16.5
9536,1.0
1340,12.5
6140,-7.0
6434,-21.5
9252,3.0
7590,-10.5
65,27.0
2817,5.5
7282,19.5
3216,8.5
6729,4.5
433,-3.0
5172,15.5
6225,-7.5
10434,21.0
1172,14.0
5445,-5.5
1521,-5.5
200,-11.0
1824,-20.5
7350,14.0
136,20.0
3558,2.0
8462,25.0
7690,-3.5
4830,12.0
1746,0.5
5102,-15.5
2408,11.0
10646,-1.5
1487,-3.5
6455,4.0
3415,3.5
1463,9.0
3159,5.0
4075,6.0
6150,-6.0
10014,0.5
7384,26.0
8370,-4.5
4794,-33.0
7266,-14.5
3372,-34.0
3530,9.0
1689,21.5
6549,-1.5
10302,-16.0
5338,-15.0
2740,7.5
5279,-2.0
8758,9.0
8209,37.0
1061,12.0
8443,-2.5
9169,-18.0
8277,3.5
6521,4.5
7225,5.5
6571,-11.5
1564,-16.0
1920,-3.0
7488,-22.0
3490,8.0
8822,20.0
1733,-14.0
2057,2.5
5450,-2.0
8372,18.5
3104,28.5
3457,7.0
1294,-4.0
9459,16.0
8393,0.0
4788,-26.0
7087,13.0
9111,-10.0
663,8.0
2103,-7.0
4806,-2.0
736,9.5
7298,-4.0
10227,-17.0
10559,24.0
1125,-27.0
103,1.0
4023,-15.5
7508,6.0
2462,6.0
7562,-3.0
7788,4.0
1255,-1.0
10619,-13.0
7633,12.0
8860,-0.5
1885,4.0
4679,5.5
10310,30.0
5425,-8.0
9824,-38.5
2443,21.0
4223,-11.5
1627,6.5
1156,2.0
213,32.0
4457,-2.0
6973,24.0
86,34.0
9741,0.0
1497,5.5
2918,-1.5
8336,-8.0
10042,16.5
2638,-9.0
512,-8.0
10538,-10.5
919,0.5
10101,-13.5
7132,-16.0
9855,-42.0
7907,-5.0
3487,7.5
9693,-17.0
348,10.0
7596,-1.5
3482,5.0
3320,4.5
8808,-16.5
9642,6.0
7489,11.0
5029,-13.0
578,-1.0
6506,-11.5
8180,20.5
1189,1.0
10618,-4.0
5780,14.5
8048,17.0
1840,23.0
7216,-4.0
7208,-8.0
3040,17.0
2623,6.0
2672,20.5
574,17.0
3842,1.0
2778,-2.0
8136,-17.5
8434,-5.5
10644,-6.0
7540,1.5
10205,-27.0
9173,0.5
5911,6.5
8738,-5.0
4686,2.0
7013,11.0
8215,-1.0
3168,18.5
2398,12.5
5547,9.5
5193,5.0
1020,33.5
9059,-8.5
3212,-8.0
9170,-12.5
913,-2.0
5879,8.0
1897,-1.0
7700,1.0
5363,-1.0
7274,-5.5
8233,12.5
7730,4.0
5857,3.5
3667,-2.5
1911,-9.0
8661,9.0
8544,-6.0
8330,9.5
9801,-14.5
8515,-8.0
795,-10.5
4617,6.0
5900,-6.0
5091,-29.0
9276,7.0
1563,-3.5
9435,8.5
5684,27.5
8025,-10.0
3207,-2.0
4489,10.0
8361,4.5
8535,0.0
5523,6.5
9020,-36.0
2354,8.5
600,-6.0
3255,-5.0
2101,6.0
2750,17.0
5309,1.0
8024,7.0
7106,-15.0
1444,5.0
7148,20.0
2445,12.0
5512,-4.0
1215,7.0
2000,3.5
10479,6.0
8211,7.5
1345,9.5
1307,-19.0
183,-1.0
311,10.0
962,-19.0
3146,-17.0
7545,5.5
8385,-37.0
10562,4.0
1027,-1.0
797,-1.0
6015,-1.0
3921,2.5
7798,-8.5
634,4.0
5772,-10.0
4160,4.0
9187,7.5
4697,-5.5
3083,-1.0
6928,0.0
3354,7.0
6691,-21.5
10544,-3.5
5258,5.5
1960,-9.5
8489,10.0
9786,-4.0
9554,7.0
3090,-2.5
3304,-11.5
6986,5.0
998,-1.5
10221,-8.0
5705,-6.0
746,-6.0
9357,-3.0
7599,6.5
6017,-33.0
7006,-17.0
6805,16.5
4260,22.0
8791,6.5
4913,13.5
3117,-8.0
9333,27.0
6371,1.5
1699,-8.5
9682,-16.5
3887,3.0
2329,11.5
5919,-4.5
10329,12.0
9,-1.0
6095,-3.5
4817,4.5
4978,17.0
3072,0.5
4820,-5.5
6116,9.0
6742,-3.5
1018,10.0
7763,6.0
6646,-22.5
4083,6.5
7343,20.5
8545,35.5
5999,12.0
9993,-2.5
8897,13.0
3022,-2.0
2807,4.0
5686,1.5
2109,8.0
2074,3.0
10613,12.5
1164,40.0
7726,-6.0
9717,-31.0
6790,-30.0
4186,5.0
7516,2.5
4178,19.0
7367,4.0
8499,-11.5
1906,0.5
1821,-32.0
6061,31.0
8258,1.0
4173,-2.0
2157,-11.5
6057,-13.0
94,0.0
10223,1.0
5081,-17.5
1634,-0.5
5958,20.0
8158,-9.5
5743,6.5
6723,6.0
1869,-2.5
9522,-9.0
443,-2.0
7796,0.0
3305,-22.5
10471,16.5
425,-9.0
6411,5.5
2800,-8.0
8805,-16.0
6812,13.0
10529,-14.5
8622,2.0
6990,-11.0
4826,0.0
8021,-11.5
10455,-13.5
8179,8.5
885,-9.0
2037,-12.5
10011,-16.5
2840,9.0
4980,-20.0
9192,3.5
2066,-31.0
9366,-11.0
4133,-5.5
915,4.0
1813,20.5
367,-12.0
2770,4.5
5731,15.0
4963,-18.5
430,19.0
5522,3.5
9260,9.5
2310,16.0
2549,-4.0
7121,-1.5
7670,8.5
5511,-16.5
9670,-21.0
4320,-10.0
1981,-21.0
775,-12.0
3822,-17.0
3675,-16.0
201,3.0
1147,14.0
710,-8.5
854,-0.5
380,4.0
6296,4.0
4894,15.0
6054,27.0
2873,4.0
4892,-0.5
9411,22.5
8561,-34.0
6510,-13.5
822,-5.0
9995,-9.5
286,13.0
7473,18.0
9377,0.0
4078,23.5
6818,3.0
8328,-10.5
7354,-2.5
8939,0.0
2333,-4.0
7906,-2.5
1430,23.0
7610,4.0
565,1.0
7868,6.0
9978,4.5
2776,-4.5
263,-15.0
4770,17.5
10222,-1.5
8546,12.0
5609,-14.5
4273,7.0
7566,24.0
3687,4.5
6998,29.0
3582,4.5
733,11.0
7198,18.0
7775,-3.0
8185,1.5
3656,12.5
205,2.0
212,7.0
9371,-9.0
1687,5.5
2278,4.0
5716,4.5
6172,3.5
7452,-4.0
7012,31.0
3640,5.5
3698,13.0
8089,-7.0
1330,14.5
7829,-18.5
10374,1.0
1158,-22.0
2719,-7.0
7769,8.0
10424,11.0
8095,-9.0
484,-7.0
696,-6.5
10057,17.0
10171,-5.0
2978,-1.5
10059,-10.5
668,-6.5
1843,-19.5
3162,-17.5
927,1.5
4844,15.5
4324,2.5
9814,-1.5
2372,23.0
5325,-3.5
6635,12.0
3000,-1.5
5290,-6.5
7417,14.5
6059,-6.5
6165,3.0
8475,-9.0
161,0.0
1615,-9.5
6073,-4.0
5257,-1.0
9317,-23.0
9140,-2.5
3281,-13.5
4319,29.0
4846,-5.5
5056,15.0
2850,-4.0
9948,6.0
7733,-6.5
9961,7.5
6825,-8.0
1608,0.5
7092,0.0
4475,6.0
6209,6.0
562,5.0
3185,23.0
2733,-4.5
10311,-20.0
8967,-8.0
7227,3.5
3095,2.0
2896,2.0
8883,-2.0
6728,-2.5
1926,-3.0
5255,7.0
